crop_cd	manu_gubun	cho_exp	icept	exp_slope	fert_exp	min_base	mid_base	max_base	min_fert	mid_fert1	mid_fert2	max_fert	base_fert	pre_fert	post_fert				
00000	1	2				2		3	1600	1200		800							
00000	2	1			9.14-0.109*OM+0.020*SiO2								0.56						
00000	3	1			(100-P2O5)*0.1								1						
00000	4	1			(0.03*CEC-K)*47.1								0.7						
00001	1	2				2		3	2000	1500		1000							
00001	2	1	23.927	-5.208	om								0.4						
00001	3	1	37.604	-12.286	log(p2o5)								1						
00001	4	1			10^(1.285-1.608*k)								1						
00002	1	2				2		3	2000	1500		1000							
00002	2	1	16.031	-3.489	om								0.6						
00002	3	1	37.604	-12.286	log(p2o5)								1						
00002	4	1			10^(1.285-1.608*k)								1						
00003	1	2				1.5		2.5	1500	1200		800							
00003	2	1	8.608	-2.44	om								1						
00003	3	1	55.778	-22.956	log(p2o5)								1						
00003	4	1			10^(1.123-1.328*k)								1						
00004	1	2				2		3	1800	1500									
00004	2	1	8.608	-2.44	om								1						
00004	3	1	55.778	-22.956	log(p2o5)								1						
00004	4	1			10^(1.123-1.328*k)								1						
00005	1	2				2		3	2500	2000		1500							
00005	2	1	23.319	-2.026	om								0.5						
00005	3	1	94.289	-37.685	log(p2o5)								1						
00005	4	1	29.989	-37.792	k								1						
00006	1	2				2		3	2500	2000		1500							
00006	2	1	19.355	-1.682	om								0.5						
00006	3	1	94.289	-37.685	log(p2o5)								1						
00006	4	1	29.989	-37.792	k								1						
00007	1	2				1.5		2.5	2000	1500		1000							
00007	2	2				1.5		2.5	6.6	5.5		4.4	1						
00007	3	1	23.7	-0.027	p2o5								1						
00007	4	1	19.971	-4.709	k								1						
00008	1	2				2		3	2000	1500		1000							
00008	2	2				1.5		2.5	6.6	5.5		4.4	1						
00008	3	1	23.731	-0.027	p2o5								1						
00008	4	1	25.429	-11.899	k								1						
00009	1	2				1.5		2.5	1500	1200		1000							
00009	3	1	17.596	-5.53	om								1						
00009	2	1	38.944	-14.367	log(p2o5)								1						
00009	4	1	18.052	-28.076	k								1						
00010	1	2				2		3	1500	1200									
00010	2	1	17.596	-5.53	om								1						
00010	3	1	38.944	-14.367	log(p2o5)								1						
00010	4	1	18.052	-28.076	k								1						
00011	1	2				0.5		1.5	1500	1000		800							
00011	3	1	20.587	-0.054	p2o5								1						
00011	4	1	15.284	-14.536	k								1						
00011	2	1	8.456	-2.603	om								1						
00012	1	2				2		3	1500	1000		800							
00012	2	1	8.456	-2.603	om								1						
00012	3	1	20.587	-0.054	p2o5								1						
00012	4	1	15.284	-14.536	k								1						
00013	1	2				2.5		3.5	2500	2000		1500							
00013	2	2				2.5		3.5	28.8	24		19.2	0.35						
00013	3	1	41.163	-0.067	p2o5								1						
00013	4	1	35.18	-61.889	k/sqrt(ca+mg)								0.4						
00014	1	2				2.5		3.5	2500	2000		1500							
00014	2	2				2.5		3.5	28.8	24		19.2	0.35						
00014	3	1	41.163	-0.067	p2o5								1						
00014	4	1	35.18	-61.889	k/sqrt(ca+mg)								0.4						
00015	1	2				1.5		2.5	2000	1500		1000							
00015	2	2				2		3	18.2	15.2		12.2	0.4						
00015	3	1	84.251	-29.686	log(p2o5)								1						
00015	4	1	29.904	-84.634	k/sqrt(ca+mg)								0.6						
00016	1	2				1.5		2.5	2000	1500		1000							
00016	2	1	14.424	-3.612	EC								0.4						
00016	3	1	84.251	-29.686	log(p2o5)								1						
00016	4	1	29.904	-84.634	k/sqrt(ca+mg)								0.6						
00016	5	1	15.017	-0.075	NO3N								0.5						
00017	1	2				2		3	1500	1000									
00017	2	1	20.935	-1.251	om								1						
00017	3	1	18.337	-0.02	p2o5								1						
00017	4	1	23.879	-11.16	k								1						
00018	1	2				2		3	1500	1000									
00018	2	1	26.169	-1.564	om								1						
00018	3	1	22.921	-0.025	p2o5								1						
00018	4	1	23.878	-11.159	k								1						
00019	1	2				2.5		3.5	2500	2000									
00019	2	2				1		2	22.799	19		15.2	0.55						
00019	3	1	26.2	-0.038	p2o5								1						
00019	4	1	34.18	-60.189	k/sqrt(ca+mg)								0.6						
00020	1	2				2.5		3.5	2500	2000									
00020	2	1	33.06	-5.48	EC								0.55						
00020	3	1	26.2	-0.038	p2o5								1						
00020	4	1	34.18	-60.19	k/sqrt(ca+mg)								0.6						
00020	5	1	33.06	-0.109	NO3N								0.5						
00021	1	2				2.5		3.5	2500	2000									
00021	2	1	22.761	-1.564	om								0.35						
00021	3	1	46.013	-13.132	log(p2o5)								1						
00021	4	1			10^(1.431-0.486*k)								0.35						
00022	1	2				2.5		3.5	2500	2000		1000							
00022	2	1	22.761	-1.564	EC								0.35						
00022	3	1	46.013	-13.132	log(p2o5)								1						
00022	4	1			10^(1.431-0.486*k)								0.35						
00023	1	2				2		3	2500	2000									
00023	2	2				1.5		2.5	28.799	24		19.2	0.2						
00023	3	1	17.094	-0.026	p2o5								1						
00023	4	1	21.285	-64.361	k/sqrt(ca+mg)								0.2						
00024	1	2				2		3	2500	2000									
00024	2	2				1.5		2.5	28.799	24		19.2	0.2						
00024	3	1	30.847	-0.043	p2o5								1						
00024	4	1	21.285	-64.361	k/sqrt(ca+mg)								0.2						
00025	1	2				2		3	2500	2000									
00025	2	2				1.5		2.5	28.799	24		19.2	0.55						
00025	3	1	25.421	-0.029	p2o5								1						
00025	4	1	44.509	-80.823	k/sqrt(ca+mg)								0.3						
00026	1	2				2		3	2500	2000									
00026	2	1	30	-5	EC								0.57						
00026	3	1	25.421	-0.029	p2o5								1						
00026	4	1	44.509	-80.823	k/sqrt(ca+mg)								0.3						
00026	5	1	30	-0.099	NO3N								0.57						
00027	1	2				2		3	2500	2000									
00027	2	2				1.5		2.5	28.799	24		19.2	0.45						
00027	3	1	25.421	-0.029	p2o5								1						
00027	4	1	44.509	-80.823	k/sqrt(ca+mg)								0.65						
00028	1	2				2		3	2500	2000									
00028	2	1	29	-4.807	EC								0.45						
00028	3	1	25.421	-0.029	p2o5								1						
00028	4	1	44.509	-80.823	k/sqrt(ca+mg)								0.65						
00028	5	1	29	-0.096	NO3N								0.5						
00029	1	2				2		3	2000	1500									
00029	2	2				2		3	24	20		16	0.5						
00029	3	1	74.893	-26.377	log(p2o5)								1						
00029	4	1	27.476	-77.646	k/sqrt(ca+mg)								0.5						
00030	1	2				2		3	2000	1500									
00030	2	1	19.756	-4.947	EC								0.5						
00030	3	1	74.893	-26.377	log(p2o5)								1						
00030	4	1	27.476	-77.646	k/sqrt(ca+mg)								0.5						
00030	5	1	19.759	-0.099	NO3N								0.5						
00031	1	2				2		3	2500	2000									
00031	2	2				2		3	22.8	19		15.2	0.35						
00031	3	1	30.889	-0.05	p2o5								1						
00031	4	1	24.908	-43.818	k/sqrt(ca+mg)								0.75						
00032	1	2				2		3	2500	2000									
00032	2	1	18.715	-4.706	EC								0.35						
00032	3	1	30.889	-0.05	p2o5								1						
00032	4	1	24.908	-43.818	k/sqrt(ca+mg)								0.75						
00032	5	1	18.715	-0.094	NO3N								0.5						
00033	1	2				2		3	2000	1500		1000							
00033	2	2				2		3	24	20		16	0.3						
00033	3	1	23.116	-0.027	p2o5								1						
00033	4	1	22.621	-32.583	k/sqrt(ca+mg)								0.65						
00034	1	2				2		3	2000	1500		1000							
00034	2	2				2		3	24	20		16	0.3						
00034	3	1	23.116	-0.027	p2o5								1						
00034	4	1	22.621	-32.583	k/sqrt(ca+mg)								0.65						
00035	1	2				2		3	2000	1500									
00035	2	2				2		3	33.599	28		22.4	0.35						
00035	3	1	24.725	-0.038	p2o5								1						
00035	4	1	27.814	-84.104	k/sqrt(ca+mg)								0.5						
00036	1	2				2		3	2000	1500									
00036	2	1	25.742	-4.267	EC								0.35						
00036	3	1	24.725	-0.038	p2o5								1						
00036	4	1	27.814	-84.104	k/sqrt(ca+mg)								0.5						
00036	5	1	25.742	-0.085	NO3N								0.5						
00037	1	2				2.5		3.5	2000	1500									
00037	2	1	44.082	-5.88	om								0.35						
00037	3	1	132.4	-46.63	log(p2o5)								1						
00037	4	1	34.767	-92.286	k/sqrt(ca+mg)								0.55						
00038	1	2				2.5		3.5	2000	1500									
00038	2	1	32.585	-5.401	EC								0.35						
00038	3	1	132.4	-46.63	log(p2o5)								1						
00038	4	1	34.767	-98.286	k/sqrt(ca+mg)								0.55						
00038	5	1	32.585	-0.108	NO3N								0.35						
00039	1	2				2.5		3.5	2000	1500									
00039	2	2				2		3	36.8	31.2		25.4	0.35						
00039	3	1	152.461	-53.695	log(p2o5)								1						
00039	4	1	38.244	-108.115	k/sqrt(ca+mg)								0.55						
00040	1	2				2.5		3.5	2000	1500									
00040	2	1	33.562	-5.563	EC								0.35						
00040	3	1	152.461	-53.695	log(p2o5)								1						
00040	4	1	38.244	-108.115	k/sqrt(ca+mg)								0.55						
00040	5	1	33.562	-0.111	NO3N								0.35						
00041	1	2				2		3	2000	1500									
00041	2	2				2		3	30	25		20	0.52						
00041	3	1	41.163	-0.067	p2o5								1						
00041	4	1	36.658	-64.489	k/sqrt(ca+mg)								0.52						
00042	1	2				2		3	2000	1500									
00042	2	1	27.55	-4.567	EC								0.52						
00042	3	1	41.163	-0.067	p2o5								1						
00042	4	1	36.658	-64.489	k/sqrt(ca+mg)								0.52						
00042	5	1	27.55	-0.091	NO3N								0.5						
00043	1	2				2		3	2000	1500									
00043	2	2				2		3	24	20		16	0.4						
00043	3	1	30.88	-0.05	p2o5								1						
00043	4	1	29.305	-51.554	k/sqrt(ca+mg)								0.5						
00044	1	2				2		3	2000	1500									
00044	2	1	20.3	-3.365	EC								0.4						
00044	3	1	30.88	-0.05	p2o5								1						
00044	4	1	29.305	-51.554	k/sqrt(ca+mg)								0.5						
00044	5	1	20.3	-0.067	NO3N								0.5						
00046	1	2				2		3	2000	1500									
00046	2	2				1.5		2.5	36	30		24	0.45						
00046	3	1	19.065	-0.02	p2o5								1						
00046	4	1	40.058	-72.158	k/sqrt(ca+mg)								0.35						
00047	1	2				2		3	2000	1500									
00047	2	1	28.42	-4.711	EC								0.45						
00047	3	1	19.066	-0.02	p2o5								1						
00047	4	1	40.059	-72.158	k/sqrt(ca+mg)								0.35						
00047	5	1	28.42	-0.094	NO3N(gg)								0.5						
00048	1	2				2		3	2000	1500									
00048	2	2				2		3	30	25		20	0.4						
00048	3	1	97.624	-34.398	log(p2o5)								1						
00048	4	1	35.783	-100.94	k/sqrt(ca+mg)								0.65						
00049	1	2				2		3	2000	1500									
00049	2	1	18.178	-4.552	EC								0.4						
00049	3	1	97.624	-34.398	log(p2o5)								1						
00049	4	1	35.783	-100.94	k/sqrt(ca+mg)								0.65						
00049	5	1	18.178	-0.091	NO3N								0.4						
00050	1	2				2		3	2000	1500									
00050	2	2				2		3	24	20		16	0.5						
00050	3	1	20.337	-0.023	p2o5								1						
00050	4	1	23.59	-34.269	k/sqrt(ca+mg)								0.45						
00051	1	2				2		3	2000	1500									
00051	2	1	32.77	-5.431	EC								0.5						
00051	3	1	20.337	-0.023	p2o5								1						
00051	4	1	23.59	-34.269	k/sqrt(ca+mg)								0.45						
00051	5	1	32.77	-0.108	NO3N								0.5						
00052	1	2				2		3	2000	1500									
00052	2	2				2		3	17.5	14.6		11.7	1						
00052	3	1	73.553	-25.917	log(p2o5)								1						
00052	4	1	31.565	-89.293	k/sqrt(ca+mg)								1						
00053	1	2				2		3	2000	1500									
00053	2	1	14.424	-3.612	EC								1						
00053	3	1	73.553	-25.917	log(p2o5)								1						
00053	4	1	31.565	-89.293	k/sqrt(ca+mg)								1						
00053	5	1	14.424	-0.072	NO3N								1						
00054	1	2				2.5		3.5	2000	1500									
00054	2	2				2		3	27.2	23		18.8	0.35						
00054	3	1	105.648	-37.226	log(p2o5)								1						
00054	4	1	30.401	-85.509	k/sqrt(ca+mg)								0.55						
00055	1	2				2.5		3.5	2000	1500									
00055	2	1	30.429	-7.62	EC								0.35						
00055	3	1	105.648	-37.226	log(p2o5)								1						
00055	4	1	30.401	-85.509	k/sqrt(ca+mg)								0.55						
00055	5	1	30.429	-0.082	NO3N								0.35						
00056	1	2				2.5		3.5	2000	1500									
00056	2	2				2		3	42.6	36.1		29.4	0.5						
00056	3	1	181.883	-64.057	log(p2o5)								1						
00056	4	1	39.537	-112.046	k/sqrt(ca+mg)								0.5						
00057	1	2				2.5		3.5	2000	1500									
00057	2	1	38.776	-6.427	EC								0.5						
00057	3	1	181.883	-64.057	log(p2o5)								1						
00057	4	1	39.537	-112.046	k/sqrt(ca+mg)								0.5						
00057	5	1	38.776	-0.128	NO3N								0.5						
00058	1	2				2.5		3.5	.	1500									
00058	2	1	38.036	-9.525	EC								0.5						
00058	3	1	61.517	-21.676	log(p2o5)								1						
00058	4	1	56.112	-158.24	k/sqrt(ca+mg)								0.5						
00058	5	1	38.036	-0.19	NO3N								0.5						
00059	1	2				2.5		3.5	2000	1500									
00059	2	1	52.338	-13.106	EC								0.5						
00059	3	1	128.388	-45.217	log(p2o5)								1						
00059	4	1	29.592	-83.543	k/sqrt(ca+mg)								0.5						
00059	5	1	52.338	-0.261	NO3N								0.5						
00060	1	2				2.5		3.5	2000	1500									
00060	2	1	27.995	-7.01	EC								0.5						
00060	3	1	45.469	-16.021	log(p2o5)								1						
00060	4	1	38.001	-107.132	k/sqrt(ca+mg)								0.5						
00060	5	1	27.955	-0.14	NO3N								0.5						
00061	1	2				2.5		3.5	1000	700		500							
00061	2	2				1.5		2.5	2	2		2	0.6						
00061	3	2				350	550	750	1	1	1	1	1						
00061	4	2				0.5	0.8	1.1	1	1	1	1	0.6						
00062	1	2				2.5		3.5	1500	1000		800							
00062	2	2				1.5		2.5	4	3		2	0.6						
00062	3	2				350	550	750	2	1.5	1	1	1						
00062	4	2				0.5	0.8	1.1	3	2.5	2	2	0.6						
00063	1	2				2.5		3.5	2000	1500		1000							
00063	2	2				1.5		2.5	8	6.5		5	0.6						
00063	3	2				350	550	750	5	3.5	2	2	1						
00063	4	2				0.5	0.8	1.1	5	4	3	3	0.6						
00064	1	2				2.5		3.5	2500	2000		1500							
00064	2	2				1.5		2.5	15	12.5		10	0.6						
00064	3	2				350	550	750	8	6.5	5	3	1						
00064	4	2				0.5	0.8	1.1	12	10	6.5	3	0.6						
00065	1	2				2.5		3.5	3000	2500		2000							
00065	2	2				1.5		2.5	20	17.5		15	0.6						
00065	3	2				350	550	750	12	10	6.5	3	1						
00065	4	2				0.5	0.8	1.1	20	16	9.5	3	0.6						
00066	1	2				2.5		3.5	1000	700		500							
00066	2	2				1.5		2.5	2	2		2	0.7						
00066	3	2				350	550	750	1	1	1	1	1						
00066	4	2				0.5	0.8	1.1	1	1	1	1	0.5						
00067	1	2				2.5		3.5	1500	1000		800							
00067	2	2				1.5		2.5	6	4.5		3	0.7						
00067	3	2				350	550	750	4	3.5	3	3	1						
00067	4	2				0.5	0.8	1.1	5	4	3	3	0.5						
00068	1	2				2.5		3.5	2000	1500		1000							
00068	2	2				1.5		2.5	15	12.5		10	0.7						
00068	3	2				350	550	750	8	6.5	5	3	1						
00068	4	2				0.5	0.8	1.1	12	10	6.5	3	0.5						
00069	1	2				2.5		3.5	2500	2000		1500							
00069	2	2				1.5		2.5	20	18.5		17	0.7						
00069	3	2				350	550	750	13	10.5	7	3	1						
00069	4	2				0.5	0.8	1.1	20	17.5	11	3	0.5						
00070	1	2				2.5		3.5	3000	2500		2000							
00070	2	2				1.5		2.5	25	22.5		20	0.7						
00070	3	2				350	550	750	18	15.5	9.5	3	1						
00070	4	2				0.5	0.8	1.1	25	22.5	13	3	0.5						
00071	1	2				2.5		3.5	1000	500		500							
00071	2	2				1.5		2.5	2.5	2		1.5	0.6						
00071	3	2				200	400	600	1.5	1	1	1	1						
00071	4	2				0.3	0.6	1	1.5	1	1	1	0.5						
00072	1	2				2.5		3.5	1500	1000		500							
00072	2	2				1.5		2.5	6.5	4		3	0.6						
00072	3	2				200	400	600	4	3	2	2	1						
00072	4	2				0.3	0.6	1	4	3	2	2	0.5						
00073	1	2				2.5		3.5	2000	1500		1000							
00073	2	2				1.5		2.5	10.5	8.5		6.5	0.6						
00073	3	2				200	400	600	6.5	5	4	3	1						
00073	4	2				0.3	0.6	1	8.5	6.5	5	3	0.5						
00074	1	2				2.5		3.5	2500	2000		1500							
00074	2	2				1.5		2.5	19.5	15.5		11.5	0.6						
00074	3	2				200	400	600	10.6	8.5	6.5	3	1						
00074	4	2				0.3	0.6	1	15.6	12.5	8	3	0.5						
00075	1	2				2.5		3.5	1000	500		500							
00075	2	2				1.5		2.5	2.5	2		1.5	0.7						
00075	3	2				200	400	600	1.5	1	1	1	1						
00075	4	2				0.3	0.6	1	1.5	1	1	1	0.6						
00076	1	2				2.5		3.5	1500	1000		500							
00076	2	2				1.5		2.5	6.5	4		3	0.7						
00076	3	2				200	400	600	3	2.5	2	2	1						
00076	4	2				0.3	0.6	1	4	3	2	2	0.6						
00077	1	2				2.5		3.5	2000	1500		1000							
00077	2	2				1.5		2.5	11	9		7	0.7						
00077	3	2				200	400	600	6	5	4	3	1						
00077	4	2				0.3	0.6	1	9	7.5	5.5	3	0.6						
00078	1	2				2.5		3.5	2500	2000		1500							
00078	2	2				1.5		2.5	18	15.5		13	0.7						
00078	3	2				200	400	600	10	8.5	6	3	1						
00078	4	2				0.3	0.6	1	15	12.5	8	3	0.6						
00081	1	2				1.5		2.5	2000	1500		1000							
00081	2	3											0.5	12					
00081	3	3											1	12					
00081	4	3											0.5	12	12				
00082	1	3											2000						
00082	2	3											0.3	8	17				
00082	3	3											0.3	3	8				
00082	4	3											0.3	5	10				
00083	1	3											2000						
00083	2	3											0.4	12	18				
00083	3	3											0.4	5	8				
00083	4	3											0.4	7	11				
00091	1	3												500					
00091	2	3											0.5	2.9	5.7				
00091	3	3											1	5					
00091	4	3											0.3	1.3	4.4				
00092	1	3												1000					
00092	2	3											0.5	5.7	11.4				
00092	3	3											1	10					
00092	4	3											0.3	2.6	8.8				
00093	1	3												1500					
00093	2	3											0.5	7.4	14.8				
00093	3	3											1	14					
00093	4	3											0.3	3.7	12.2				
00094	1	3												2000					
00094	2	3											0.5	10.3	20.5				
00094	3	3											1	17.5					
00094	4	3											0.3	5.1	17				
00095	1	3												1000					
00095	2	3											0.5	6.5	13				
00095	3	3											1	10					
00095	4	3											0.3	3.9	13				
00096	1	3												1500					
00096	2	3											0.5	10	20				
00096	3	3											1	15					
00096	4	3											0.3	6	20				
00097	1	3												2000					
00097	2	3											0.5	12.5	25				
00097	3	3											1	20					
00097	4	3											0.3	7.5	25				
00098	1	3												2500					
00098	2	3											0.5	15	30				
00098	3	3											1	25					
00098	4	3											0.3	7.5	25				
00099	1	3												500					
00099	2	3											0.5	2.7	5.4				
00099	3	3											1	4.5					
00099	4	3											0.3	1.1	3.6				
00100	1	3												1000					
00100	2	3											0.5	5.4	10.7				
00100	3	3											1	9					
00100	4	3											0.3	2.2	7.2				
00101	1	3												1500					
00101	2	3											0.5	6.6	13.1				
00101	3	3											1	12.6					
00101	4	3											0.3	3.2	10.7				
00102	1	3												2000					
00102	2	3											0.5	8.3	16.6				
00102	3	3											1	16.2					
00102	4	3											0.3	4	13.4				
00103	1	3												1000					
00103	2	3											0.5	6.5	13				
00103	3	3											1	10					
00103	4	3											0.3	2.4	8				
00104	1	3												1500					
00104	2	3											0.5	8.5	17				
00104	3	3											1	15					
00104	4	3											0.3	3.9	13				
00105	1	3												2000					
00105	2	3											0.5	10	20				
00105	3	3											1	18					
00105	4	3											0.3	4.5	15				
00106	1	3												2500					
00106	2	3											0.5	12.5	25				
00106	3	3											1	20					
00106	4	3											0.3	6	20				
00107	1	3												500					
00107	2	3											1	0.9					
00107	3	3											1	0.6					
00107	4	3											1	0.5					
00108	1	3												500					
00108	2	3											1	5.2					
00108	3	3											1	5.1					
00108	4	3											1	4.8					
00109	1	3												500					
00109	2	3											1	5.2					
00109	3	3											1	5.1					
00109	4	3											1	4.8					
00110	1	3												500					
00110	2	3											0.6	6.1					
00110	3	3											1	5.5					
00110	4	3											0.63	5					
00111	1	3												1000					
00111	2	3											0.6	7.9					
00111	3	3											1	5.5					
00111	4	3											0.5	5.3	5.3				
00112	1	3												1000					
00112	2	3											0.6	10.7					
00112	3	3											1	10.6					
00112	4	3											0.5	7.9	7.9				
00113	1	3												1500					
00113	2	3											0.6	16					
00113	3	3											1	16.2					
00113	4	3											0.5	10.8	10.8				
00114	1	3												2000					
00114	2	3											0.5	21.3					
00114	3	3											1	26.799					
00114	4	3											0.5	16.1	16.1				
00115	1	3												2500					
00115	2	3											0.6	26.7					
00115	3	3											1	32.299					
00115	4	3											0.5	21.4	21.399				
00121	1	3											1	6000					
00121	2	3											0.31	18					
00121	3	3											0.31	18					
00121	4	3											0.38	18					
00122	1	2				2.5		3	2500	2000									
00122	2	1	18.49	-0.108	NO3N								0.25	5.5					
00122	3	1	17.8	-0.026	p2o5								1	22					
00122	4	1	14.13	-33.25	k/sqrt(ca+mg)								0.25	5					
00123	1	2				2.5		3	2500	2000									
00123	2	1	18.49	-0.108	NO3N								0.25	12.5					
00123	3	1	17.8	-0.026	p2o5								1	17					
00123	4	1	14.13	-33.25	k/sqrt(ca+mg)								0.25	4.2					
00124	1	2				2.5		3	3500	3000									
00124	2	1	54.412	-13.369	EC								0.06						
00124	3	1	128	-0.16	p2o5								1						
00124	4	1	155.84	-259.74	k/sqrt(ca+mg)								0.04						
00124	5	1	54.348	-0.272	NO3N								0.06						
00125	1	2				2.5		3	1500	1000									
00125	2	1	22.39	-13.203	EC										20				
00125	3	1	28.68	-0.031	p2o5								1	12					
00125	4	1	12.78	-28.41	k/sqrt(ca+mg)								0.5	6					
00125	5	1	22.39	-0.263	NO3N										20				
00126	1	3											1	1000					
00126	2	3											0.75	9					
00126	3	3											1	9					
00126	4	3											0.75	9					
00127	1	3											1	1000					
00127	2	3											1	20					
00127	3	3											1	20					
00127	4	3											1	15					
00128	1	3											1	1500					
00128	2	3											1	9.8					
00128	3	3											1	5.3					
00128	4	3											1	18.8					
00129	1	3											1	1500					
00129	2	3											1	17.6					
00129	3	3											1	9.5					
00129	4	3											1	33.8					
00130	1	2				10		20	2000	1500									
00130	2	2				2		3	15.3	14		12.7							
00130	3	1	29.645	-0.078	p2o5								1						
00130	4	1	15.599	-14.828	k								1						
00131	1	2				10		20	2000	1500									
00131	2	2				2		3	15.3	14		12.7							
00131	3	1	29.645	-0.078	p2o5								1						
00131	4	1	15.599	-14.828	k								1						
00132	1	3												2000					
00132	2	3											0.5	4					
00132	3	3											1	4					
00132	4	3											1	4					
00133	1	3												2000					
00133	2	3											1	12					
00133	3	3											1	12					
00133	4	3											1	16					
00134	1	3												1500					
00134	2	3											0.5	6					
00134	3	3											1	10.5					
00134	4	3											1	9					
00135	1	3												1500					
00135	2	3											0.4	14					
00135	3	3											1	30					
00135	4	3											1	50					
00136	1	3												1000					
00136	2	3											0.5	7.5					
00136	3	3											1	12					
00136	4	3											1	15					
00137	1	2				2.5		3	3500	3000				 					
00137	2	1	32.671	-3.69	om								0.57						
00137	3	1	17.504	-0.021	p2o5								1						
00137	4	1	28.003	-28.428	k/sqrt(ca+mg)								0.7						
00138	1	2				2.5		3.5	2000	1500									
00138	2	1	20.996	-5.258	EC								0.5						
00138	3	1	69.541	-24.503	log(p2o5)								1						
00138	4	1	28.626	-80.752	k/sqrt(ca+mg)								0.5						
00138	5	1	20.996	-0.105	NO3N								0.5						
00139	1	3											1	2000					
00139	2	3											0.5	7					
00139	3	3											1	12					
00139	4	3											1	8					
00140	1	2				2.5		3	2000	1500									
00140	2	1	17.771	-3.69	om								0.5						
00140	3	1	10.402	-0.012	p2o5								1						
00140	4	1	10.755	-10.918	k/sqrt(ca+mg)								0.5						
00141	1	3											1	1200					
00141	2	3											0.5	6.4					
00141	3	3											1	12					
00141	4	3											1	6.1					
00142	1	3											1	1500					
00142	2	3											0.5	3					
00142	3	3											1	6					
00142	4	3											1	10					
00143	1	3											1	1000					
00143	2	3											0.5	5					
00143	3	3											1	10					
00143	4	3											1	10					
00144	1	3											1	1500					
00144	2	3											0.4	5					
00144	3	3											1	6					
00144	4	3											1	5					
00145	1	2				2.5		3	2000	1500									
00145	2	1	38.036	-5.27	om								0.4						
00145	3	1	31.356	-0.018	p2o5								1						
00145	4	1	29.729	-16.152	k								0.5						
00146	1	3											1	2000					
00146	2	3											0.4	7.2					
00146	3	3											1	6					
00146	4	3											1	6					
00147	1	3											1	700					
00147	2	3											0.5	4					
00147	3	3											1	6					
00147	4	3											0.5	5					
00148	1	3											1	1500					
00148	2	3											0.7	4.2					
00148	3	3											1	6					
00148	4	3											1	6					
00149	1	3												2000					
00149	2	3											1	8					
00149	3	3											1	20					
00149	4	3											1	7					
00150	1	3												2000					
00150	2	3													21				
00150	3	3													15				
00150	4	3													18				
00151	1	3												2000					
00151	2	3											0.5	10					
00151	3	3											1	15					
00151	4	3											1	15					
00152	1	3																	
00152	2	3											0.5	23					
00152	3	3											1	23					
00152	4	3											1	12					
00153	1	2				2		3	2000	1500									
00153	2	2				2		3	18.7	15.6		12.5	0.3						
00153	3	1	54.83	-19.32	log(p2o5)								1						
00153	4	1	19.68	-55.905	k/sqrt(ca+mg)								0.4						
00154	1	2				2.5		3.5	2000	1500									
00154	2	1	27.048	-6.774	EC								0.4						
00154	3	1	51.971	-0.084	p2o5								1						
00154	4	1	47.395	-99	k/sqrt(ca+mg)								0.5						
00154	5	1	27.048	-0.135	NO3N								0.4						
00155	1	2				2.5		3.5	2000	1500									
00155	2	1	27.368	-6.584	EC								0.4						
00155	3	1	63.52	-0.103	p2o5								1						
00155	4	1	45.686	-95.431	k/sqrt(ca+mg)								0.5						
00155	5	1	27.048	-0.131	NO3N								0.4						
00156	1	2				10		20	2000	1500		1000							
00156	2	2				10		20	10.9	10		9.1	0.4						
00156	3	1	37.604	-12.286	log(p2o5)								1						
00156	4	1			10^(1.285-1.608*k)								1						
00157	1	2				2		6	2000	1500		1000							
00157	2	2				2		6	10.9	10		9.1	0.4						
00157	3	1	37.604	-12.286	log(p2o5)								1						
00157	4	1			10^(1.285-1.608*k)								1						
00158	1	2				10		20	1500	1200		800							
00158	2	2				10		20	6.5	6		5.5	1						
00158	3	1	55.778	-22.956	log(p2o5)								1						
00158	4	1			10^(1.123-1.328*k)								1						
00159	1	2				2		6	1500	1200		800							
00159	2	2				2		6	6.5	6		5.5	1						
00159	3	1	55.778	-22.956	log(p2o5)								1						
00159	4	1			10^(1.123-1.328*k)								1						
00160	1	2				10		20	2000	1500		1000							
00160	2	2				10		20	9.8	9		8.2	1						
00160	3	1	8.227	-0.004	p2o5								1						
00160	4	1	19.971	-4.709	k								1						
00161	1	2				2		6	2000	1500		1000							
00161	2	2				2		6	9.8	9		8.2	1						
00161	3	1	8.227	-0.004	p2o5								1						
00161	4	1	19.971	-4.709	k								1						
00162	1	2				10		20	1500	1000		800							
00162	2	2				10		20	15.5	14.2		12.9	1						
00162	3	1	18.337	-0.02	p2o5								1						
00162	4	1	23.879	-11.16	k								1						
00163	1	2				2		6	1500	1000		800							
00163	2	2				2		6	19.6	18		16.4	1						
00163	3	1	22.921	-0.025	p2o5								1						
00163	4	1	23.878	-11.159	k								1						
00164	1	2				10		20	2000	1500		1000							
00164	2	2				10		20	16.4	15		13.6	0.5						
00164	3	1	21.41	-0.056	p2o5								1						
00164	4	1	18.805	-29.2	k								0.7						
00165	1	2				2		6	2000	1500		1000							
00165	2	2				2		6	16.4	15		13.6	0.5						
00165	3	1	21.41	-0.056	p2o5								1						
00165	4	1	18.805	-29.2	k								0.7						
00166	1	2				10		20	1500	1200		1000							
00166	2	2				10		20	6.3	5.8		5.3	1						
00166	3	1	38.944	-14.367	log(p2o5)								1						
00166	4	1	18.052	-28.076	k								1						
00167	1	2				2		6	1500	1200		1000							
00167	2	2				2		6	6.3	5.8		5.3	1						
00167	3	1	38.944	-14.367	log(p2o5)								1						
00167	4	1	18.052	-28.076	k								1						
00168	1	2				10		20	1500	1000		800							
00168	2	2				10		20	6.5	6		5.5	1						
00168	3	1	20.587	-0.054	p2o5								1						
00168	4	1	15.284	-14.536	k								1						
00169	1	2				2		6	1500	1000		800							
00169	2	2				2		6	6.5	6		5.5	1						
00169	3	1	20.587	-0.054	p2o5								1						
00169	4	1	15.284	-14.536	k								1						
00170	1	2				2		6	1500	1000		800							
00170	2	2				2		6	15.5	14.2		12.9	1						
00170	3	1	18.337	-0.02	p2o5								1						
00170	4	1	23.879	-11.16	k								1						
00171	1	2				10		20	1500	1000		800							
00171	2	2				10		20	19.6	18		16.4	1						
00171	3	1	22.921	-0.025	p2o5								1						
00171	4	1	23.878	-11.159	k								1						
00172	1	2				10		20	1500	1000		800							
00172	2	2				10		20	10.3	9.4		8.5	1						
00172	3	1	20.587	-0.054	p2o5								1						
00172	4	1	15.284	-14.536	k								1						
00173	1	2				2		6	1500	1000		800							
00173	2	2				2		6	5.2	4.8		4.4	1						
00173	3	1	20.587	-0.054	p2o5								1						
00173	4	1	15.284	-14.536	k								1						
00174	1	2				10		20	2000	1500									
00174	2	2				10		20	15.3	14		12.7	0.54						
00174	3	1	29.645	-0.078	p2o5								1						
00174	4	1	15.599	-14.828	k								1						
00175	1	2				2		6	2000	1500									
00175	2	2				2		6	15.3	14		12.7	0.4						
00175	3	1	29.645	-0.078	p2o5								1						
00175	4	1	15.599	-14.828	k								1						
00176	1	2				2.5		3.5	2500	2000									
00176	2	2	27.219	-2.25	om								0.35						
00176	3	1	46.013	-13.132	log(p2o5)								1						
00176	4	1			10^(1.431-0.486*k)								0.35						
00177	1	2				2		6	2500	2000		1500							
00177	2	2				2		6	10.9	10		9.1	0.35						
00177	3	1	46.013	-13.132	log(p2o5)								1						
00177	4	1			10^(1.431-0.486*k)								0.35						
00178	1	2				2.5		3.5	2000	1500									
00178	2	1	38.351	-5.12	om								0.35						
00178	3	1	132.4	-46.63	log(p2o5)								0.5						
00178	4	1	34.767	-98.286	k/sqrt(ca+mg)								0.55						
00179	1	2				2.5		3.5	2000	1500									
00179	2	1				2		6	35.5	32.5		29.5	0.35						
00179	3	1	132.4	-46.63	log(p2o5)								0.5						
00179	4	1	34.767	-98.286	k/sqrt(ca+mg)								0.55						
00180	1	2				2.5		3.5	2000	1500									
00180	2	1	21.927	-5.491	EC								0.4						
00180	3	1	45.517	-0.074	p2o5								1						
00180	4	1	46.541	-97.215	k/sqrt(ca+mg)								0.5						
00180	5	1	21.927	-0.109	NO3N								0.4						
00181	1	2				2.5		3.5	2500	2000									
00181	2	1	39.011	-6.466	EC								0.5						
00181	3	1	31.702	-0.046	p2o5								1						
00181	4	1	35.205	-61.996	k/sqrt(ca+mg)								0.6						
00181	5	1	39.011	-0.129	NO3N								0.5						
00182	1	2				2.5		3.5	2500	2000									
00182	2	1	49.59	-8.22	EC								0.5						
00182	3	1	32.75	-0.048	p2o5								1						
00182	4	1	44.776	-78.849	k/sqrt(ca+mg)								0.6						
00182	5	1	49.59	-0.164	NO3N								0.5						
00183	1	2				2.5		3.5	2500	2000									
00183	2	1	33.9	-5.65	EC								0.5						
00183	3	1	24.658	-0.028	p2o5								1						
00183	4	1	43.62	-79.207	k/sqrt(ca+mg)								0.3						
00183	5	1	33.9	-0.112	NO3N								0.5						
00184	1	2				1.5		2.5	2000	1500		1000							
00184	2	1	15.61	-3.909	EC								0.55						
00184	3	1	23.469	-0.038	p2o5								1						
00184	4	1	25.788	-45.368	k/sqrt(ca+mg)								0.55						
00185	1	2				2.5		3.5	2000	1500									
00185	2	1	14.622	-3.662	EC								0.4						
00185	3	1	24.395	-0.039	p2o5								1						
00185	4	1	37.51	-65.989	k/sqrt(ca+mg)								0.5						
00185	5	1	14.622	-0.073	NO3N								0.4						
00186	1	2				2		3	2000	1500									
00186	2	1	14.622	-3.662	EC								0.6						
00186	3	1	97.624	-34.398	log(p2o5)								1						
00186	4	1	33.549	-94.466	k/sqrt(ca+mg)								0.6						
00186	5	1	14.622	-0.073	NO3N								0.6						
00187	1	2				2		3	2000	1500									
00187	2	1	17.762	-0.294	EC								0.35						
00187	3	1	11.905	-0.018	p2o5								1						
00187	4	1	25.725	-77.786	k/sqrt(ca+mg)								0.5						
00187	5	1	17.762	-0.059	NO3N								0.35						
00188	1	2				2		3	2000	1500									
00188	2	1	12.099	-2.005	EC								0.5						
00188	3	1	10.379	-0.016	p2o5								1						
00188	4	1	18.779	-56.784	k/sqrt(ca+mg)								0.5						
00188	5	1	12.099	-0.04	NO3N								0.5						
00189	1	2				2		3	2000	1500									
00189	2	1	16.005	-4.008	EC								0.6						
00189	3	1	33.968	-0.055	p2o5								1						
00189	4	1	50.698	-89.188	k/sqrt(ca+mg)								0.6						
00189	5	1	16.005	-0.08	NO3N								0.6						
00190	1	2				2		3	2000	1500									
00190	2	1	15.412	-3.859	EC								0.3						
00190	3	1	54.83	-19.32	log(p2o5)								1						
00190	4	1	19.68	-55.905	k/sqrt(ca+mg)								0.4						
00190	5	1	15.412	-0.077	NO3N								0.3						
00191	1	2				2		3	2000	1500									
00191	2	1	12.053	-3.018	EC								0.51						
00191	3	1	106.986	-37.697	log(p2o5)								1						
00191	4	1	28.625	-80.857	k/sqrt(ca+mg)								0.51						
00191	5	1	12.053	-0.06	NO3N								0.51						
00192	1	2				2.5		3.5	2000	1500									
00192	2	1	33.195	-8.313	EC								0.35						
00192	3	1	185.895	-65.47	log(p2o5)								1						
00192	4	1	42.367	-119.909	k/sqrt(ca+mg)								0.55						
00192	5	1	33.195	-0.166	NO3N								0.35						
00193	1	2				2.5		3.5	2000	1500									
00193	2	1	28.848	-7.244	EC								0.35						
00193	3	1	161.822	-56.992	log(p2o5)								1						
00193	4	1	37.859	-107.275	k/sqrt(ca+mg)								0.35						
00193	5	1	28.848	-0.144	NO3N								0.35						
00194	1	2				2.5		3.5	2000	1500									
00194	2	1	23.908	-5.987	EC								0.65						
00194	3	1	116.352	-40.978	log(p2o5)								1						
00194	4	1	28.317	-80.056	k/sqrt(ca+mg)								0.65						
00194	5	1	23.908	-0.12	NO3N								0.35						
00195	1	2				2.5		3.5	2000	1500									
00195	2	1	27.86	-6.977	EC								0.65						
00195	3	1	149.786	-52.753	log(p2o5)								1						
00195	4	1	36.627	-103.272	k/sqrt(ca+mg)								0.65						
00195	5	1	27.86	-0.14	NO3N								0.65						
00196	1	2				2		3	2000	1500									
00196	2	1	12.646	-3.167	EC								0.5						
00196	3	1	78.902	-27.801	log(p2o5)								1						
00196	4	1	22.161	-62.444	k/sqrt(ca+mg)								0.5						
00196	5	1	12.646	-0.063	NO3N								0.5						
00197	1	2				2.5		3.5	1000	500									
00197	2	2				1.5		2.5	2.5	2		2	0.5						
00197	3	2				200	400	600	1.5	1	1	1	1						
00197	4	2				0.3	0.6	1	2	1.5	1	1	0.5						
00198	1	2				2.5		3.5	1500	1000									
00198	2	2				1.5		2.5	6	5		4	0.5						
00198	3	2				200	400	600	2	2	1.5	1	1						
00198	4	2				0.3	0.6	1	4.5	3.5	3	2	0.5						
00199	1	2				2.5		3.5	1700	1200									
00199	2	2				1.5		2.5	10	9		7.5	0.5						
00199	3	2				200	400	600	4	3.5	3	2	1						
00199	4	2				0.3	0.6	1	8	6.5	5	3	0.5						
00200	1	2				2.5		3.5	2000	1500									
00200	2	2				1.5		2.5	15	12.5		10	0.5						
00200	3	2				200	400	600	6	4.5	4	3	1						
00200	4	2				0.3	0.6	1	12	9.5	6.5	3	0.5						
00201	1	2				2.5		3.5	2200	1700									
00201	2	2				1.5		2.5	19	16.5		14	0.5						
00201	3	2				200	400	600	8	6	5	3	1						
00201	4	2				0.3	0.6	1	15.5	12.5	8	3	0.5						
00202	1	2				2.5		3.5	2500	2000									
00202	2	2				1.5		2.5	25	21		18	0.5						
00202	3	2				200	400	600	12	9.5	6.5	3	1						
00202	4	2				0.3	0.6	1	24	19	11	3	0.5						
00203	1	2				1.5		2.5	1500	1200		1000							
00203	2	1	17.596	-5.53	om								1						
00203	3	1	38.944	-14.367	log(p2o5)								1						
00203	4	1	18.052	-28.077	k								1						
00204	1	2				0.5		1.5	1500	1000		800							
00204	2	1	8.456	-2.603	om								1						
00204	3	1	20.587	-0.054	p2o5								1						
00204	4	1	15.285	-14.537	k								1						
00205	1	2				2.5		3.5	2000	1500									
00205	2	1	20.486	-5.13	EC								0.4						
00205	3	1	45.517	-0.074	p2o5								1						
00205	4	1	43.125	-90.08	k/sqrt(ca+mg)								0.5						
00205	5	1	20.486	-0.102	NO3N								0.4						
00206	1	2				1.5		2.5	2000	1500									
00206	2	2				1.5		2.5	6.6	5.5		4.4	1						
00206	3	1	23.7	-0.027	p2o5								1						
00206	4	1	19.971	-4.709	k								1						
00207	1	2				1.5		2.5	1500	1000									
00207	2	1	26.169	-1.564	om								1						
00207	3	1	22.921	-0.025	p2o5								1						
00207	4	1	23.879	-11.16	k								1						
00208	1	2				2.5		3.5	2000	1500									
00208	2	1	48.805	-12.222	EC								0.7						
00208	3	1	288.873	-101.738	log(p2o5)								1						
00208	4	1	46.785	-132.092	k/sqrt(ca+mg)								0.7						
00208	5	1	48.805	-0.244	NO3N								0.7						
00209	1	2				11		15	2000	1500									
00209	2	2	25.151	-2.08	om								0.3						
00209	3	1	23.116	-0.027	p2o5								1						
00209	4	1	22.621	-32.583	k/sqrt(ca+mg)								0.65						
00210	1	2				3		5	2000	1500									
00210	2	2				3		5	17.5	16		14.5	0.6						
00210	3	1	23.116	-0.027	p2o5								1						
00210	4	1	22.621	-32.583	k/sqrt(ca+mg)								0.65						
00211	1	2				10		20	2000	1500		1000							
00211	2	2				10		20	33.6	28		22.4	0.35						
00211	3	1	30.88	-0.05	p2o5								1						
00211	4	1	35.18	-61.889	k/sqrt(ca+mg)								0.5						
00212	1	2				2		6	2000	1500		1000							
00212	2	2				2		6	33.6	28		22.4	0.35						
00212	3	1	30.88	-0.05	p2o5								1						
00212	4	1	35.18	-61.889	k/sqrt(ca+mg)								0.5						
00213	1	2				10		20	2500	2000		1500							
00213	2	2				10		20	13.1	12		10.9	0.35						
00213	3	1	41.163	-0.067	p2o5								1						
00213	4	1	35.18	-61.889	k/sqrt(ca+mg)								0.4						
00214	1	2				2		6	2500	2000		1500							
00214	2	2				2		6	13.1	12		10.9	0.35						
00214	3	1	41.163	-0.067	p2o5								1						
00214	4	1	35.18	-61.889	k/sqrt(ca+mg)								0.4						
00215	1	2				10		20	2500	2000		1500							
00215	2	2				10		20	17.5	16		14.5	0.35						
00215	3	1	41.163	-0.067	p2o5								1						
00215	4	1	35.18	-61.889	k/sqrt(ca+mg)								0.4						
00216	1	2				2		6	2500	2000		1500							
00216	2	2				2		6	17.5	16		14.5	0.35						
00216	3	1	41.163	-0.067	p2o5								1						
00216	4	1	35.18	-61.889	k/sqrt(ca+mg)								0.4						
00217	1	2				2		3	1500	1000									
00217	2	1	8.456	-2.602	om								1						
00217	3	1	20.587	-0.054	p2o5								1						
00217	4	1	15.284	-14.536	k								1						
00218	1	2				1.5		2.5	2000	1500		1000							
00218	2	1	23.927	-5.208	om								0.4						
00218	3	1	37.604	-12.286	log(p2o5)								1						
00218	4	1			10^(1.285-1.608*k)								1						
00219	1	2				1.5		2.5	2000	1500		1000							
00219	2	1	16.031	-3.489	om								0.6						
00219	3	1	37.604	-12.286	log(p2o5)								1						
00219	4	1			10^(1.285-1.608*k)								1						
00220	1	2				2		3	1800	1500									
00220	2	1	8.608	-2.44	om								1						
00220	3	1	55.778	-22.956	log(p2o5)								1						
00220	4	1			10^(1.123-1.328*k)								1						
00221	1	2				1.5		2.5	2500	2000		1500							
00221	2	1	23.319	-2.026	om								0.5						
00221	3	1	97.289	-37.685	log(p2o5)								1						
00221	4	1	29.989	-37.792	k								1						
00222	1	2				2		3	2000	1500		1000							
00222	2	2				1.5		2.5	6.6	5.5		4.4	1						
00222	3	1	23.731	-0.027	p2o5								1						
00222	4	1	25.459	-11.899	k								1						
00223	1	2				10		20	1000	500									
00223	2	2				10		20	6.3	5.7		5	0.5						
00223	3	2				200	400	600	5.5	5	4.3	3.7	1						
00223	4	2				0.5	1	1.5	4.8	4.4	3.5	2.8	0.3						
00224	1	2				10		20	1500	1000									
00224	2	2				10		20	12.5	11.4		10.3	0.5						
00224	3	2				200	400	600	11	10	8.5	7.2	1						
00224	4	2				0.5	1	1.5	9.7	8.8	7	5.6	0.3						
00225	1	2				10		20	1700	1200									
00225	2	2				10		20	16.3	14.8		10.3	0.5						
00225	3	2				200	400	600	15.4	14	11.9	10.1	1						
00225	4	2				0.5	1	1.5	13.4	12.2	9.8	7.8	0.3						
00226	1	2				10		20	2000	1500									
00226	2	2				10		20	22.6	20.5		18.5	0.5						
00226	3	2				200	400	600	19.3	17.5	14.9	12.7	1						
00226	4	2				0.5	1	1.5	18.7	17	13.6	10.9	0.3						
00227	1	2				2		6	500	500									
00227	2	2				2		6	5.9	5.4		4.9	0.5						
00227	3	2				200	400	600	5	4.5	3.8	3.2	1						
00227	4	2				0.5	1	1.5	4.4	3.6	2.9	2.3	0.3						
00228	1	2				2		6	1500	1000									
00228	2	2				2		6	11.8	10.7		9.6	0.5						
00228	3	2				200	400	600	9.9	9	7.7	6.5	1						
00228	4	2				0.5	1	1.5	8.7	7.2	5.8	4.6	0.3						
00229	1	2				2		6	2000	1500									
00229	2	2				2		6	14.4	13.1		11.8	0.5						
00229	3	2				200	400	600	13.9	12.6	10.7	9.1	1						
00229	4	2				0.5	1	1.5	13.6	10.7	8.6	6.9	0.3						
00230	1	2				2		6	2500	2000									
00230	2	2				2		6	17.9	16.3		14.7	0.5						
00230	3	2				200	400	600	17.8	16.2	13.8	11.7	1						
00230	4	2				0.5	1	1.5	16.3	13.4	10.7	8.6	0.3						
00231	1	2				2		3	1500	1200									
00231	2	1	17.596	-5.53	om								1						
00231	3	1	38.944	-14.367	log(p2o5)								1						
00231	4	1	18.052	-28.077	k								1						
00232	1	2				2.5		3.5	2000	1500									
00232	2	1	22.407	-5.611	EC								0.4						
00232	3	1	38.044	-0.062	p2o5								1						
00232	4	1	46.541	-97.215	k/sqrt(ca+mg)								0.5						
00232	5	1	22.407	-0.112	NO3N								0.4						
00233	1	2				1.5		2.5	1500	1200		800							
00233	2	1	8.608	-2.44	om								1						
00233	3	1	55.778	-22.956	log(p2o5)								1						
00233	4	1			10^(1.123-1.328*k)								1						
00234	1	2				2.5		3.5	2000	1500									
00234	2	1	14.084	-3.527	EC								0.4						
00234	3	1	24.457	-0.04	p2o5								1						
00234	4	1	22.629	-47.27	k/sqrt(ca+mg)								0.5						
00234	5	1	14.084	-0.07	NO3N								0.4						
00235	1	2				2.5		3.5	2000	1500									
00235	2	1	11.043	-2.765	EC								0.4						
00235	3	1	18.003	-0.029	p2o5								1						
00235	4	1	10.675	-22.297	k/sqrt(ca+mg)								0.5						
00235	5	1	11.043	-0.055	NO3N								0.4						
00236	1	2				2.5		3.5	2000	1500									
00236	2	1	19.526	-4.89	EC								0.4						
00236	3	1	24.457	-0.04	p2o5								1						
00236	4	1	46.541	-97.215	k/sqrt(ca+mg)								0.5						
00236	5	1	19.526	-0.097	NO3N								0.4						
00237	1	3											1	1000					
00237	2	3											0.3	4.8	11.2				
00237	3	3											1	10					
00237	4	3											0.3	3.9	9.1				
00238	1	3											1	1500					
00238	2	3											0.3	6.6	15.4				
00238	3	3											1	14					
00238	4	3											0.3	5.4	12.6				
00239	1	3											1	2000					
00239	2	3											0.3	9.3	21.7				
00239	3	3											1	18					
00239	4	3											0.3	7.5	17.5				
00240	1	3											1	2500					
00240	2	3											0.3	10.5	24.5				
00240	3	3											1	21					
00240	4	3											0.3	8.4	19.6				
00241	1	2				2.5		3.5	1250	1000									
00241	2	1	21.083	-3.51	om								0.3						
00241	3	1	10.618	-0.007	p2o5								1						
00241	4	1	15.13	-8.218	k								0.3						
00242	1	2				2.5		3.5	1875	1500									
00242	2	1	31.624	-5.26	om								0.3						
00242	3	1	15.927	-0.011	p2o5								1						
00242	4	1	22.696	-12.328	k								0.3						
00243	1	2				2.5		3.5	2500	2000									
00243	2	1	42.166	-7.01	om								0.3						
00243	3	1	21.236	-0.015	p2o5								1						
00243	4	1	30.261	-16.437	k								0.3						
00244	1	2				2.5		3.5	3125	2500									
00244	2	1	52.708	-8.77	om								0.3						
00244	3	1	26.546	-0.019	p2o5								1						
00244	4	1	37.827	-20.547	k								0.3						
00245	1	2				2.5		3	2000	1500									
00245	2	1	5.608	-0.959	om								0.3						
00245	3	1	6.334	-0.007	p2o5								0.3						
00245	4	1	4.718	-4.79	k/sqrt(ca+mg)								0.3						
00246	1	2				2.5		3	2000	1500									
00246	2	1	21.571	-3.69	om								0.3						
00246	3	1	25.335	-0.03	p2o5								0.3						
00246	4	1	18.872	-19.158	k/sqrt(ca+mg)								0.3						
00247	1	2				2.5		3	2000	1500									
00247	2	1	27.179	-4.65	om								0.3						
00247	3	1	31.669	-0.038	p2o5								0.3						
00247	4	1	23.59	-23.948	k/sqrt(ca+mg)								0.3						
00248	1	2				2.5		3	2000	1500									
00248	2	1	14.039	-2.91	om								1						
00248	3	1	9.433	-0.011	p2o5								1						
00248	4	1	9.943	-10.094	k/sqrt(ca+mg)								1						
00249	1	2				2.5		3	2000	1500									
00249	2	1	19.938	-4.46	om								0.5						
00249	3	1	15.892	-0.019	p2o5								1						
00249	4	1	13.393	-13.596	k/sqrt(ca+mg)								0.5						
00250	1	2				2.5		3.5	2500	2000									
00250	2	1	16.478	-3.69	om								0.3						
00250	3	1	23.032	-0.027	p2o5								0.4						
00250	4	1	20.292	-20.6	k/sqrt(ca+mg)								0.4						
00251	1	3											1	2000					
00251	2	3											1	16					
00251	3	3											1	14					
00251	4	3											1	20					
00252	1	2				2		3	1500	1200									
00252	2	1	17.596	-5.53	om								1						
00252	3	1	38.944	-14.367	log(p2o5)								1						
00252	4	1	18.052	-28.077	k								1						
00300	1	2				2		3	1600	1200									
00300	2	1			9.14-0.109*OM+0.020*SiO2								0.5						
00300	3	1			(100-P2O5)*0.1								1						
00300	4	1			(0.03*CEC-K)*47.1								0.7						
00301	1	2				2		3	1600	1200									
00301	2	1			9.14-0.109*OM+0.020*SiO2								0.7						
00301	3	1			(100-P2O5)*0.1								1						
00301	4	1			(0.03*CEC-K)*47.1								0.7						
00302	1	2				2		3	1600	1200									
00302	2	1			9.14-0.109*OM+0.020*SiO2								0.5						
00302	3	1			(100-P2O5)*0.1								1						
00302	4	1			(0.03*CEC-K)*47.1								0.7						
00303	1	2				2		3	1600	1200									
00303	2	1			9.14-0.109*OM+0.020*SiO2								0.6						
00303	3	1			(100-P2O5)*0.1								1						
00303	4	1			(0.03*CEC-K)*47.1								0.7						
00304	1	2				2		3	1600	1200									
00304	2	1			9.14-0.109*OM+0.020*SiO2								0.8						
00304	3	1			(100-P2O5)*0.1								1						
00304	4	1			(0.03*CEC-K)*47.1								0.7						
00305	1	2				2		3	1600	1200									
00305	2	1			9.05-0.108*OM+0.020*SiO2								0.2						
00305	3	1			(100-P2O5)*0.1								1						
00305	4	1			(0.03*CEC-K)*47.1								0.4						
00306	1	2				1.5		2.5	2000	1500									
00306	2	1	23.927	-5.208	om								0.5						
00306	3	1	37.604	-12.286	log(p2o5)								1						
00306	4	1			10^(1.285-1.608*k)								1						
00307	1	2				1.5		2.5	2000	1500									
00307	2	1	23.927	-5.208	om								0.4						
00307	3	1	37.604	-12.286	log(p2o5)								1						
00307	4	1			10^(1.285-1.608*k)								1						
00308	1	2				10		20	2200	1700									
00308	2	2				10		20	25.3	23		20.7	0.5						
00308	3	2				200	400	600	22	20	17	14.5	1						
00308	4	2				0.5	1	1.5	20.9	19	15.2	12.2	0.3						
00309	1	2				2		6	3000	2500									
00309	2	2				2		6	23.1	21		18.9	0.5						
00309	3	2				200	400	600	19.8	18	15.3	13	1						
00309	4	2				0.5	1	1.5	21.3	17	13.6	10.9	0.3						
00310	1																		
00310	2																		
00310	3																		
00310	4																		
00311	1																		
00311	2																		
00311	3																		
00311	4																		
00313	1	3											1	1500					
00313	2	3											1	5.4					
00313	3	3											1	3.1					
00313	4	3											1	3.9					
00314	1	2				2.5		3.5	1875	1500									
00314	2	1	2.526	-0.42	om								0.6						
00314	3	1	1.15	-0.001	p2o5								1						
00314	4	1	1.306	-0.606	k								0.6						
00315	1																		
00315	2																		
00315	3																		
00315	4																		
00316	1	2				2.5		3.5	3000	2500									
00316	2	1	5.413	-1.27	om								0.7						
00316	3	1	2.825	-0.002	p2o5								1						
00316	4	1	3.729	-1.827	k								0.6						
00317	1	2				2.5		3.5	2500	2000									
00317	2	1	20.938	-3.471	EC								0.5						
00317	3	1	36.635	-0.06	p2o5								1						
00317	4	1	42.523	-74.807	k/sqrt(ca+mg)								0.5						
00317	5	1	20.938	-0.069	NO3N								0.5						
00318	1	3												15					
00318	2	3											0.5	2					
00318	3	3											1	2					
00318	4	3											1	2					
00319	1																		
00319	2																		
00319	3																		
00319	4																		
00320	1																		
00320	2																		
00320	3																		
00320	4																		
00321	1																		
00321	2																		
00321	3																		
00321	4																		
00323	1	2				3		5	2000	1500									
00323	2	1	31.7	-4.458	om								0.5						
00323	3	1	14.4	-0.0055	p2o5								1						
00323	4	1	18.6	-3.33	k								0.7						
00324	1																		
00324	2																		
00324	3																		
00324	4																		
00325	1																		
00325	2																		
00325	3																		
00325	4																		
00326	1																		
00326	2																		
00326	3																		
00326	4																		
00327	1																		
00327	2																		
00327	3																		
00327	4																		
00328	1																		
00328	2																		
00328	3																		
00328	4																		
00329	1																		
00329	2																		
00329	3																		
00329	4																		
00330	1	2				2.5		3.6	1500	1000		500	1	1000					
00330	2	1	22.39	-0.263	NO3N										20				
00330	3	1	28.68	-0.031	p2o5								1	12					
00330	4	1	12.78	-28.41	k/sqrt(ca+mg)								0.5	6	6				
00331	1	2				2.5		3.5	2000	1500									
00331	2	1	27.048	-6.774	EC								0.4						
00331	3	1	51.971	-0.084	p2o5								1						
00331	4	1	47.395	-99	k/sqrt(ca+mg)								0.5						
00331	5	1	27.048	-0.135	NO3N								0.4						
00332	1	2				2.5		3	2000	1500									
00332	2	1	17.771	-3.69	om								0.5						
00332	3	1	13.376	-0.015	p2o5								1						
00332	4	1	8.066	-8.188	k/sqrt(ca+mg)								0.5						
00333	1	2				2	4	6	750	500	500								
00333	2	2				2	4	6	3.5	3	1.7	1.4	0.3						
00333	3	2				200	400	600	2.9	2.4	1.8	1.3	1						
00333	4	2				0.3	0.6	0.9	3.6	3	2.1	1.5	0.29						
00334	1	2				2	4	6	1250	1000	750								
00334	2	2				2	4	6	6.4	5.6	4.8	4.1	0.3						
00334	3	2				200	400	600	5.4	4.5	3.4	2.5	1						
00334	4	2				0.3	0.6	0.9	5.4	4.5	3.1	2.2	0.29						
00335	1	2				2	4	6	1500	1250	1000								
00335	2	2				2	4	6	9.5	8.3	7	6	0.3						
00335	3	2				200	400	600	7.9	6.6	5	3	1						
00335	4	2				0.3	0.6	0.9	11.9	9.9	6.5	3	0.3						
00336	1	2				2	4	6	1750	1500	1250								
00336	2	2				2	4	6	13.7	11.9	10.1	8.6	0.3						
00336	3	2				200	400	600	10.8	9	6	3	1						
00336	4	2				0.3	0.6	0.9	13	10.8	7.6	3	0.3						
00337	1	2				2	4	6	2000	1750	1500								
00337	2	2				2	4	6	16.6	14.4	12.2	10.4	0.3						
00337	3	2				200	400	600	12.2	10.2	7.1	3	1						
00337	4	2				0.3	0.6	0.9	14.8	12.3	8.6	3	0.3						
00338	1																		
00338	2																		
00338	3																		
00338	4																		
00339	1	2				2.5		3.5	2000	1500									
00339	2	1	20.8	-1.9	om								1						
00339	3	1	11.3	-0.0055	p2o5								1						
00339	4	1	9.6	-0.2539	k								1						
00340	1	3												1500					
00340	2	3											0.5	5					
00340	3	3											1	7.5					
00340	4	3											0.5	3.8					
00341	1																		
00341	2																		
00341	3																		
00341	4																		
00342	1																		
00342	2																		
00342	3																		
00342	4																		
00343	1																		
00343	2																		
00343	3																		
00343	4																		
00344	1																		
00344	2																		
00344	3																		
00344	4																		
00345	1																		
00345	2																		
00345	3																		
00345	4																		
00346	1																		
00346	2																		
00346	3																		
00346	4																		
00347	1																		
00347	2																		
00347	3																		
00347	4																		
00348	1																		
00348	2																		
00348	3																		
00348	4																		
00349	1	2				2		3	3000	2500									
00349	2	1	40.277	-8.74	om								0.4						
00349	3	1	29.178	-0.013	p2o5								1						
00349	4	1	36.903	-18.699	k/sqrt(ca+mg)								0.4						
00350	1	2				2.5		3.5	1500	1250									
00350	2	1	4.48	-0.94	om								0.7						
00350	3	1	1.682	-0.001	p2o5								1						
00350	4	1	3.244	-1.439	k								0.3						
00351	1	4																사용량자체가없어서 C열 4번	
00351	2	3											0.5	1.7					
00351	3	1	1.764	-0.002	p2o5								1						
00351	4	1	2.384	-1.462	k								0.5						
00352	1																		
00352	2																		
00352	3																		
00352	4																		
00353	1																		
00353	2																		
00353	3																		
00353	4																		
00354	1	2				2.5		3.5	1500	1000									
00354	2	2				1.5		2.5	7.3	6.8		6.4	0.7	4.8					
00354	3	2				200	400	600	3.5	3	2.8	2.5	1	3					
00354	4	2				0.3	0.6	1	4.8	4.2	3.6	3	0.7	3					
00355	1																		
00355	2																		
00355	3																		
00355	4																		
00356	1	2												1500					
00356	2	3											1	10					
00356	3	3											1	8					
00356	4	3											1	7					
00357	1																		
00357	2																		
00357	3																		
00357	4																		
00358	1																		
00358	2																		
00358	3																		
00358	4																		
00359	1																		
00359	2																		
00359	3																		
00359	4																		
00360	1	3												1500					
00360	2	3											1						
00360	3	3											1						
00360	4	3											1						
00361	1																		
00361	2																		
00361	3																		
00361	4																		
00362	1																		
00362	2																		
00362	3																		
00362	4																		
00363	1																		
00363	2																		
00363	3																		
00363	4																		
00364	1																		
00364	2																		
00364	3																		
00364	4																		
00365	1	2				2.5		3	1250	1000									
00365	2	1	7.804	-1.25	om								0.5						
00365	3	1	3.624	-0.003	p2o5								1						
00365	4	1	4.411	-2.296	k								0.7						
00366	1																		
00366	2																		
00366	3																		
00366	4																		
00367	1	2												1500					
00367	2	3											1	9					
00367	3	3											1	8					
00367	4	3											1	7					
00368	1	2				2		3	2000	1500									
00368	2	1	25.018	-3.35	om								0.4						
00368	3	1	12.734	-0.005	p2o5								1						
00368	4	1	17.661	-14.629	k/sqrt(ca+mg)								0.6						
00369	1																		
00369	2																		
00369	3																		
00369	4																		
00370	1																		
00370	2																		
00370	3																		
00370	4																		
00371	1	3											1	1200					
00371	2	3											1	4.2					
00371	3	3											1	5.2					
00371	4	3											1	5.8					
01001	1																		
01001	2	2				10		20	16.4	15		13.6	0.5						
01001	3																		
01001	4														0.7				
01002	1																		
01002	2	2				2		6	16.4	15		13.6	0.5						
01002	3																		
01002	4														0.7				
01003	1	2				10		20	2000	1500		1000							
01003	2	1	34.454	-0.285	om														
01003	3	1	42.809	-0.07	p2o5														
01003	4	1	36.943	-64.941	k/sqrt(ca+mg)										0.55				
01004	1	2				2		6	2000	1500		1000							
01004	2	2				2		6	35.5	32.5		29.5	0.35						
01004	3	1	42.809	-0.07	p2o5														
01004	4	1	36.943	-64.941	k/sqrt(ca+mg)										0.55				
01005	1																		
01005	2	2				10		20	10.9	10		9.1	0.4						
01005	3																		
01005	4																		
01006	1																		
01006	2	2				2		6	10.9	10		9.1	0.4						
01006	3																		
01006	4																		
01007	1																		
01007	2	2				10		20	6.5	6		5.5	1						
01007	3																		
01007	4																		
01008	1																		
01008	2	2				2		6	6.5	6		5.5	1						
01008	3																		
01008	4																		
01009	1																		
01009	2	2				10		20	9.8	9		8.2	1						
01009	3																		
01009	4														1				
01010	1																		
01010	2	2				2		6	9.8	9		8.2	1						
01010	3																		
01010	4														1				
01011	1																		
01011	2	2				10		20	15.5	14.2		12.9	1						
01011	3																		
01011	4														1				
01012	1																		
01012	2	2				2		6	19.6	18		16.4	1						
01012	3																		
01012	4														1				
01013	1																		
01013	2	2				10		20	6.3	5.8		5.3	1						
01013	3																		
01013	4														1				
01014	1																		
01014	2	2				2		6	6.3	5.8		5.3	1						
01014	3																		
01014	4														1				
01015	1																		
01015	2	2				10		20	6.5	6		5.5	1						
01015	3																		
01015	4														1				
01016	1																		
01016	2	2				2		6	6.5	6		5.5	1						
01016	3																		
01016	4														1				
01017	1																		
01017	2	2				2		6	15.5	14.2		12.9	1						
01017	3																		
01017	4														1				
01018	1																		
01018	2	2				10		20	19.6	18		16.4	1						
01018	3																		
01018	4														1				
01019	1																		
01019	2	2				10		20	15.3	14		12.7	0.4						
01019	3																		
01019	4														1				
01020	1																		
01020	2	2				2		6	15.3	14		12.7	0.4						
01020	3																		
01020	4														1				
01021	1																		
01021	2	2				10		20	10.9	10		9.1	0.35						
01021	3																		
01021	4														0.35				
01022	1																		
01022	2	2				2		6	10.9	10		9.1	0.35						
01022	3																		
01022	4														0.35				
01023	1																		
01023	2	2				10		20	35.5	32.5		29.5	0.35						
01023	3																		
01023	4														0.55				
01024	1																		
01024	2	2				2		6	35.5	32.5		29.5	0.35						
01024	3																		
01024	4														0.55				
01025	1																		
01025	2	2				10		20	17.5	16		14.5	0.6						
01025	3																		
01025	4														0.65				
01026	1																		
01026	2	2				2		6	17.5	16		14.5	0.6						
01026	3																		
01026	4														0.65				
01027	1																		
01027	2	2				10		20	15.3	14		12.7	0.35						
01027	3																		
01027	4														0.5				
01028	1																		
01028	2	2				2		6	15.3	14		12.7	0.35						
01028	3																		
01028	4														0.5				
01029	1																		
01029	2	2				10		20	13.1	12		10.9	0.35						
01029	3																		
01029	4														0.4				
01030	1																		
01030	2	2				2		6	13.1	12		10.9	0.35						
01030	3																		
01030	4														0.4				
01031	1																		
01031	2	2				10		20	17.5	16		14.5	0.35						
01031	3																		
01031	4														0.4				
01032	1																		
01032	2	2				2		6	17.5	16		14.5	0.35						
01032	3																		
01032	4														0.4				
01033	1																		
01033	2	2				10		20	10.3	9.4		8.5	1						
01033	3																		
01033	4														1				
01034	1																		
01034	2	2				2		6	5.2	4.8		4.4	1						
01034	3																		
01034	4														1				
01035	1	2				10		20	1500	1000		500							
01035	2	2				10		20	14.2	13		11.8	0.5						
01035	3	2				200	400	600	22	20	17	14.4		1					
01035	4	2				0.5	1	1.5	15	13	10.4	8.3		0.3	0.3				
01036	1	2				10		20	2000	1500		1000							
01036	2	2				10		20	19.2	18		16.4	0.5						
01036	3	2				200	400	600	34.6	31.5	26.8	22.8		1					
01036	4	2				0.5	1	1.5	21.8	19	15.2	12.2		0.3	0.3				
01037	1	2				10		20	2500	2000		1500							
01037	2	2				10		20	27.3	25		22.7	0.5						
01037	3	2				200	400	600	41.22	37.5	31.9	27.1		1					
01037	4	2				0.5	1	1.5	28.7	25	20	16		0.3	0.3				
01038	1	2				10		20	3000	2500		2000							
01038	2	2				10		20	30.5	28		25.5	0.5						
01038	3	2				200	400	600	44	40	34	28.9		1					
01038	4	2				0.5	1	1.5	29.9	26	20.8	16.6		0.3	0.3				
01039	1	2				2		6	1500	1000		500							
01039	2	2				10		20	14.2	13		11.8	0.5						
01039	3	2				200	400	600	11	10	8.5	7.2		1					
01039	4	2				0.5	1	1.5	9.2	8	6.4	5.1		0.3	0.3				
01040	1	2				2		6	2000	1500		1000							
01040	2	2				10		20	16.4	15		13.6	0.5						
01040	3	2				200	400	600	16	14.5	12.3	10.5		1					
01040	4	2				0.5	1	1.5	14.4	12.5	10	8		0.3	0.3				
01041	1	2				2		6	2500	2000		1500							
01041	2	2				10		20	20.7	19		17.3	0.5						
01041	3	2				200	400	600	19.8	18	15.3	13		1					
01041	4	2				0.5	1	1.5	17.2	15	12	9.6		0.3	0.3				
01042	1	2				2		6	3000	2500		2000							
01042	2	2				10		20	26.2	24		21.2	0.5						
01042	3	2				200	400	600	22	20	17	14.5		1					
01042	4	2				0.5	1	1.5	22.4	19.5	15.6	12.5		0.3	0.3				
02001	1																		
02001	2																		
02001	3																		
02001	4																		
02002	1																		
02002	2																		
02002	3																		
02002	4																		
02003	1																		
02003	2																		
02003	3																		
02003	4																		
02004	1																		
02004	2																		
02004	3																		
02004	4																		
02005	1																		
02005	2																		
02005	3																		
02005	4																		
02006	1																		
02006	2																		
02006	3																		
02006	4																		
02007	1																		
02007	2																		
02007	3																		
02007	4																		
02008	1																		
02008	2																		
02008	3																		
02008	4																		
02009	1																		
02009	2																		
02009	3																		
02009	4																		
02010	1																		
02010	2																		
02010	3																		
02010	4																		
02011	1																		
02011	2																		
02011	3																		
02011	4																		
02012	1																		
02012	2																		
02012	3																		
02012	4																		
02013	1																		
02013	2																		
02013	3																		
02013	4																		
02014	1																		
02014	2																		
02014	3																		
02014	4																		
02015	1																		
02015	2																		
02015	3																		
02015	4																		
02016	1																		
02016	2																		
02016	3																		
02016	4																		
02017	1	2				2		3	2000	1500									
02017	2	1	15.017	-3.76	EC								0.4						
02017	3	1	12.734	-0.005	p2o5								1						
02017	4	1	17.661	-14.629	k/sqrt(ca+mg)								0.6						
02017	5	1	15.017	-0.075	NO3N								0.4						
02018	1																		
02018	2																		
02018	3																		
02018	4																		
02019	1																		
02019	2																		
02019	3																		
02019	4																		
02020	1	2				2.5		3	2000	1500									
02020	2	1	11.593	-0.98	om								0.5						
02020	3	1	6.207	-0.005	p2o5								0.5						
02020	4	1	5.545	-3.363	k								0.5						
02021	1	2				2.5		3	2500	2000									
02021	2	1	20.303	-1.72	om								0.43						
02021	3	1	10.87	-0.009	p2o5								0.43						
02021	4	1	9.711	-5.889	k								0.43						
02023	1	2				2		3	2000	1500		1000							
02023	2	1	23.209	-5.05	om								0.5	4.4					
02023	3	1	40.758	-13.316	log(p2o5)								1	8					
02023	4	1			10^(1.379-1.544*k)								1	3.7					
02024	1	3												1500					
02024	2	3											0.3	3.8					
02024	3	3											1	1.5					
02024	4	3											0.4	1					
02025	1	2				2		3	1500	1000									
02025	2	1	16.329	-0.98	om								1						
02025	3	1	12.469	-0.014	p2o5								1						
02025	4	1	21.73	-10.156	k								1						
02026	1	2				2.5		3.5	2500	2000									
02026	2	3											0.55						
02026	3	3											1						
02026	4	1	34.18	-60.189	k/sqrt(ca+mg)								0.6						
02027	1	2				2		3	2000	1500									
02027	2	2				2		3	24	20		16	0.3						
02027	3	1	23.116	-0.027	p2o5								1						
02027	4	1	22.621	-32.583	k/sqrt(ca+mg)								0.65						
02028	1	2				2		3	2000	1500									
02028	2	2				2		3	18	15		12	0.3						
02028	3	1	11.558	-0.013	p2o5								1						
02028	4	1	11.311	-16.292	k/sqrt(ca+mg)								0.65						
02029	1	2				2		3	2000	1500									
02029	2	2				2		3	30.2	25.2		20.2	0.35						
02029	3	1	23.778	-0.038	p2o5								1						
02029	4	1	17.59	-30.945	k/sqrt(ca+mg)								0.5						
02030	1	2				2		3	2000	1500									
02030	2	1	40.4	-1.556	om								0.5						
02030	3	1	20.3	-0.023	p2o5								1						
02030	4	1	29.3	-9.38	k								0.7						
02031	1	2				1		2	3000	2500									
02031	2	1	31.4	-5.63	om								0.5						
02031	3	1	17.3	-0.006	p2o5								1						
02031	4	1	31.5	-8.863	k								0.7						
02032	1	2				2.5		3.5	2500	2000									
02032	2	2				2.5		3.5	23.3	19.4		15.5	0.35						
02032	3	1	30.461	-0.049	p2o5								1						
02032	4	1	28.496	-50.131	k/sqrt(ca+mg)								0.4						
02033	1	2				2.5		3.5	2000	1500									
02033	2	1	38.351	-5.12	om								0.35						
02033	3	1	132.4	-46.63	log(p2o5)								1						
02033	4	1	34.767	-92.286	k/sqrt(ca+mg)								0.55						
02034	1	2				2		3	2000	1500									
02034	2	2				2		3	18.2	15.2		12.2	0.4						
02034	3	1	84.251	-29.686	log(p2o5)								1						
02034	4	1	29.904	-84.634	k/sqrt(ca+mg)								0.6						
02035	1	2				2		3	2000	1500									
02035	2	1	15.017	-3.76	EC								0.4						
02035	3	1	84.251	-29.686	log(p2o5)								1						
02035	4	1	29.904	-84.634	k/sqrt(ca+mg)								0.6						
02035	5	1	15.017	-0.075	NO3N								0.4						
02036	1	2				2.5		3.5	2000	1500									
02036	2	3											0.35						
02036	3	1	185.895	-65.47	p2o5								1						
02036	4	1	42.367	-119.909	k/sqrt(ca+mg)								0.55						
02037	1	2				2.5		3.5	2000	1500									
02037	2	1	15.1	-1.205	EC								1						
02037	3	1	12.5	-0.0073	p2o5								1						
02037	4	1	13.2	-0.9586	k								1						
02037	5	1	15.1	-0.0176	NO3N								1						
02038	1	2				2.5		3.5	2000	1500									
02038	2	1	9.5	-0.5806	EC								0.62						
02038	3	1	7.7	-0.003	p2o5								1						
02038	4	1	7.9	-0.6275	k								1						
02038	5	1	9.5	-0.0111	NO3N								0.83						
02047	1	3												1500					
02047	2	3											0.5	7.5					
02047	3	3											1	9					
02047	4	3											0.5	4.5					
02048	1	2				2.5		3.5	2000	1500									
02048	2	1	25.2	-0.368	om								0.3						
02048	3	1	17.3	-0.0022	p2o5								1						
02048	4	1	11.4	-3.9975	k								0.3						
02049	1	3												1500					
02049	2	3											1	6					
02049	3	3											1	8.7					
02049	4	3											1	6.5					
02050	1	3												1500					
02050	2	3											1	13.7					
02050	3	3											1	8.4					
02050	4	3											1	12.1					
02051	1	2				2.5		3.5	2000	1500									
02051	2	1	24.5	-0.525	om								0.4						
02051	3	1	6.9	-0.0041	p2o5								1						
02051	4	1	8	-4.3818	k								0.5						
02052	1	2				2.5		3.5	1000	700				700					
02052	2	2				1.5		2.5	2	2		2	0.6	1.2					
02052	3	2				350	550	750	1	1	1	1	1	1					
02052	4	2				0.5	0.8	1.1	1	1	1	1	0.6	0.6					
02053	1	2				2.5		3.5	1500	1000				1000					
02053	2	2				1.5		2.5	4	3		2	0.6	1.2					
02053	3	2				350	550	750	2	1.5	1	1	1	1					
02053	4	2				0.5	0.8	1.1	3	2.5	2	2	0.6	1.2					
02054	1	2				2.5		3.5	2000	1500				1500					
02054	2	2				1.5		2.5	8	6.5		5	0.6	3					
02054	3	2				350	550	750	5	3.5	2	2	1	2					
02054	4	2				0.5	0.8	1.1	5	4	3	3	0.6	1.8					
02055	1	2				2.5		3.5	2500	2000				2000					
02055	2	2				1.5		2.5	15	12.5		10	0.6	6					
02055	3	2				350	550	750	8	6.5	5	3	1	5					
02055	4	2				0.5	0.8	1.1	12	10	6.5	3	0.6	4.8					
02056	1	2				2.5		3.5	3000	2500				2500					
02056	2	2				1.5		2.5	20	17.5		15	0.6	9					
02056	3	2				350	550	750	12	10	6.5	3	1	8					
02056	4	2				0.5	0.8	1.1	20	16	9.5	3	0.6	7.2					
02057	1	2				2.5		3.5	1000	700				700					
02057	2	2				1.5		2.5	2	2		2	0.6	1.2					
02057	3	2				350	550	750	1	1	1	1	1	1					
02057	4	2				0.5	0.8	1.1	1	1	1	1	0.6	0.6					
02058	1	2				2.5		3.5	1500	1000				1000					
02058	2	2				1.5		2.5	4	3		2	0.6	2.4					
02058	3	2				350	550	750	2	1.5	1	1	1	2					
02058	4	2				0.5	0.8	1.1	3	2.5	2	2	0.6	1.8					
02059	1	2				2.5		3.5	2000	1500				1500					
02059	2	2				1.5		2.5	8	6.5		5	0.6	4.8					
02059	3	2				350	550	750	5	3.5	2	2	1	5					
02059	4	2				0.5	0.8	1.1	5	4	3	3	0.6	3					
02060	1	2				2.5		3.5	2500	2000				2000					
02060	2	2				1.5		2.5	15	12.5		10	0.6	9					
02060	3	2				350	550	750	8	6.5	5	3	1	8					
02060	4	2				0.5	0.8	1.1	12	10	6.5	3	0.6	7.2					
02061	1	2				2.5		3.5	3000	2500				2500					
02061	2	2				1.5		2.5	20	17.5		15	0.6	12					
02061	3	2				350	550	750	12	10	6.5	3	1	12					
02061	4	2				0.5	0.8	1.1	20	16	9.5	3	0.6	12					
02062	1	2				2.5		3.5	1000	700				700					
02062	2	2				1.5		2.5	2	2		2	0.7	1.4					
02062	3	2				350	550	750	1	1	1	1	1	1					
02062	4	2				0.5	0.8	1.1	1	1	1	1	0.5	0.5					
02063	1	2				2.5		3.5	1500	1000				1000					
02063	2	2				1.5		2.5	6	4.5		3	0.7	4.2					
02063	3	2				350	550	750	4	3.5	3	3	1	4					
02063	4	2				0.5	0.8	1.1	5	4	3	3	0.5	2.5					
02064	1	2				2.5		3.5	2000	1500				1500					
02064	2	2				1.5		2.5	15	12.5		10	0.7	10.5					
02064	3	2				350	550	750	8	6.5	5	3	1	8					
02064	4	2				0.5	0.8	1.1	12	10	6.5	3	0.5	6					
02065	1	2				2.5		3.5	2500	2000				2000					
02065	2	2				1.5		2.5	20	18.5		17	0.7	14					
02065	3	2				350	550	750	13	10.5	7	3	1	13					
02065	4	2				0.5	0.8	1.1	20	17.5	11	3	0.5	10					
02066	1	2				2.5		3.5	3000	2500				2500					
02066	2	2				1.5		2.5	25	22.5		20	0.7	17.5					
02066	3	2				350	550	750	18	15.5	9.5	3	1	18					
02066	4	2				0.5	0.8	1.1	25	22.5	13	3	0.5	12.5					
02067	1	2				2.5		3.5	1000	700				700					
02067	2	2				1.5		2.5	2	2		2	0.7	2					
02067	3	2				350	550	750	1	1	1	1	1	1					
02067	4	2				0.5	0.8	1.1	1	1	1	1	0.5	1					
02068	1	2				2.5		3.5	1500	1000				1000					
02068	2	2				1.5		2.5	6	4.5		3	0.7	6					
02068	3	2				350	550	750	4	3.5	3	3	1	4					
02068	4	2				0.5	0.8	1.1	5	4	3	3	0.5	5					
02069	1	2				2.5		3.5	2000	1500				1500					
02069	2	2				1.5		2.5	15	12.5		10	0.7	15					
02069	3	2				350	550	750	8	6.5	5	3	1	8					
02069	4	2				0.5	0.8	1.1	12	10	6.5	3	0.5	12					
02070	1	2				2.5		3.5	2500	2000				2000					
02070	2	2				1.5		2.5	20	18.5		17	0.7	20					
02070	3	2				350	550	750	13	10.5	7	3	1	13					
02070	4	2				0.5	0.8	1.1	20	17.5	11	3	0.5	20					
02071	1	2				2.5		3.5	3000	2500				2500					
02071	2	2				1.5		2.5	25	22.5		20	0.7	25					
02071	3	2				350	550	750	18	15.5	9.5	3	1	18					
02071	4	2				0.5	0.8	1.1	25	22.5	13	3	0.5	25					
02072	1	2				2.5		3.5	1000	500				500					
02072	2	2				1.5		2.5	2.5	2		1.5	0.6	1.2					
02072	3	2				200	400	600	1.5	1	1	1	1	1					
02072	4	2				0.3	0.6	1	1.5	1	1	1	0.5	0.5					
02073	1	2				2.5		3.5	1500	1000				1000					
02073	2	2				1.5		2.5	6.5	4		3	0.6	1.8					
02073	3	2				200	400	600	4	3	2	2	1	2					
02073	4	2				0.3	0.6	1	4	3	2	2	0.5	1					
02074	1	2				2.5		3.5	2000	1500				1500					
02074	2	2				1.5		2.5	10.5	8.5		6.5	0.6	4.2					
02074	3	2				200	400	600	6.5	5	4	3	1	4					
02074	4	2				0.3	0.6	1	8.5	6.5	5	3	0.5	2.5					
02075	1	2				2.5		3.5	2500	2000				2000					
02075	2	2				1.5		2.5	19.5	15.5		11.5	0.6	7.8					
02075	3	2				200	400	600	10.6	8.5	6.5	3	1	7					
02075	4	2				0.3	0.6	1	15.6	12.5	8	3	0.5	5					
02076	1	2				2.5		3.5	1000	500				500					
02076	2	2				1.5		2.5	2.5	2		1.5	0.6	1.2					
02076	3	2				200	400	600	1.5	1	1	1	1	1					
02076	4	2				0.3	0.6	1	1.5	1	1	1	0.5	0.5					
02077	1	2				2.5		3.5	1500	1000				1000					
02077	2	2				1.5		2.5	6.5	4		3	0.6	3					
02077	3	2				200	400	600	4	3	2	2	1	4					
02077	4	2				0.3	0.6	1	4	3	2	2	0.5	2					
02078	1	2				2.5		3.5	2000	1500				1500					
02078	2	2				1.5		2.5	10.5	8.5		6.5	0.6	6					
02078	3	2				200	400	600	6.5	5	4	3	1	6					
02078	4	2				0.3	0.6	1	8.5	6.5	5	3	0.5	4					
02079	1	2				2.5		3.5	2500	2000				2000					
02079	2	2				1.5		2.5	19.5	15.5		11.5	0.6	10.8					
02079	3	2				200	400	600	10.6	8.5	6.5	3	1	10					
02079	4	2				0.3	0.6	1	15.6	12.5	8	3	0.5	7.5					
02080	1	2				2.5		3.5	1000	500				500					
02080	2	2				1.5		2.5	2.5	2		1.5	0.7	1.4					
02080	3	2				200	400	600	1.5	1	1	1	1	1					
02080	4	2				0.3	0.6	1	1.5	1	1	1	0.6	0.6					
02081	1	2				2.5		3.5	1500	1000				1000					
02081	2	2				1.5		2.5	6.5	4		3	0.7	2.1					
02081	3	2				200	400	600	3	2.5	2	2	1	2					
02081	4	2				0.3	0.6	1	4	3	2	2	0.6	1.2					
02082	1	2				2.5		3.5	2000	1500				1500					
02082	2	2				1.5		2.5	11	9		7	0.7	4.9					
02082	3	2				200	400	600	6	5	4	3	1	4					
02082	4	2				0.3	0.6	1	9	7.5	5.5	3	0.6	3.6					
02083	1	2				2.5		3.5	2500	2000				2000					
02083	2	2				1.5		2.5	18	15.5		13	0.7	9.1					
02083	3	2				200	400	600	10	8.5	6	3	1	7					
02083	4	2				0.3	0.6	1	15	12.5	8	3	0.6	6					
02084	1	2				2.5		3.5	1000	500				500					
02084	2	2				1.5		2.5	2.5	2		1.5	0.7	1.4					
02084	3	2				200	400	600	1.5	1	1	1	1	1					
02084	4	2				0.3	0.6	1	1.5	1	1	1	0.6	0.6					
02085	1	2				2.5		3.5	1500	1000				1000					
02085	2	2				1.5		2.5	6.5	4		3	0.7	3.5					
02085	3	2				200	400	600	3	2.5	2	2	1	3					
02085	4	2				0.3	0.6	1	4	3	2	2	0.6	2.4					
02086	1	2				2.5		3.5	2000	1500				1500					
02086	2	2				1.5		2.5	11	9		7	0.7	7.7					
02086	3	2				200	400	600	6	5	4	3	1	6					
02086	4	2				0.3	0.6	1	9	7.5	5.5	3	0.6	5.4					
02087	1	2				2.5		3.5	2500	2000				2000					
02087	2	2				1.5		2.5	18	15.5		13	0.7	12.6					
02087	3	2				200	400	600	10	8.5	6	3	1	10					
02087	4	2				0.3	0.6	1	15	12.5	8	3	0.6	9					
02088	1	2				2.5		3.5	2500	2000									
02088	2	1	5.052	-0.84	om								0.6						
02088	3	1	2.299	-0.002	p2o5								1						
02088	4	1	2.613	-1.212	k								0.6						
02089	1	2				2.5		3.5	2500	2000									
02089	2	1	10.104	-1.69	om								0.6						
02089	3	1	4.599	-0.003	p2o5								1						
02089	4	1	5.225	-2.424	k								0.6						
02090	1	2				2.5		3.5	3125	2500									
02090	2	1	15.157	-2.53	om								0.6						
02090	3	1	6.899	-0.005	p2o5								1						
02090	4	1	7.838	-3.637	k								0.6						
02091	1	2				2.5		3.5	3125	2500									
02091	2	1	20.209	-3.37	om								0.6						
02091	3	1	9.198	-0.006	p2o5								1						
02091	4	1	10.451	-4.849	k								0.6						
02092	1	2				2.5		3.5	3750	3000									
02092	2	1	25.262	-4.22	om								0.6						
02092	3	1	11.498	-0.008	p2o5								1						
02092	4	1	13.064	-6.062	k								0.6						
02093	1	2				2.5		3.5	625	500									
02093	2	1	5.986	-0.9	om								0.6						
02093	3	1	2.624	-0.003	p2o5								1						
02093	4	1	3.02	-1.246	k								0.6						
02094	1	2				2.5		3.5	1250	1000									
02094	2	1	8.979	-1.36	om								0.6						
02094	3	1	3.937	-0.005	p2o5								1						
02094	4	1	4.53	-1.869	k								0.6						
02095	1	2				2.5		3.5	1250	1000									
02095	2	1	11.972	-1.81	om								0.6						
02095	3	1	5.249	-0.007	p2o5								1						
02095	4	1	6.04	-2.492	k								0.6						
02096	1	2				2.5		3.5	1875	1500									
02096	2	1	14.965	-2.26	om								0.6						
02096	3	1	6.561	-0.009	p2o5								1						
02096	4	1	7.55	-3.115	k								0.6						
02097	1	2				2.5		3.5	1875	1500									
02097	2	1	17.957	-2.71	om								0.6						
02097	3	1	7.873	-0.01	p2o5								1						
02097	4	1	9.059	-3.738	k								0.6						
02098	1	2				2.5		3.5	2500	2000									
02098	2	1	20.952	-3.16	om								0.6						
02098	3	1	9.185	-0.012	p2o5								1						
02098	4	1	10.564	-4.361	k								0.6						
02099	1	2				2.5		3.5	2500	2000									
02099	2	1	23.945	-3.62	om								0.6						
02099	3	1	10.498	-0.014	p2o5								1						
02099	4	1	12.079	-4.984	k								0.6						
02100	1	2				2.5		3.5	3125	2500									
02100	2	1	29.951	-4.53	om								0.6						
02100	3	1	13.122	-0.017	p2o5								1						
02100	4	1	15.099	-6.23	k								0.6						
02101	1	2				2.5		3.5	3000	2500									
02101	2	1	10.825	-2.53	om								0.7						
02101	3	1	5.651	-0.004	p2o5								1						
02101	4	1	7.458	-3.735	k								0.6						
02102	1	2				2.5		3.5	3000	2500									
02102	2	1	16.237	-3.8	om								0.7						
02102	3	1	8.476	-0.005	p2o5								1						
02102	4	1	11.188	-5.603	k								0.6						
02103	1	2				2.5		3.5	3000	2500									
02103	2	1	21.65	-5.07	om								0.7						
02103	3	1	11.302	-0.007	p2o5								1						
02103	4	1	14.917	-7.471	k								0.6						
02104	1	2				2.5		3.5	3000	2500									
02104	2	1	27.063	-6.33	om								0.7						
02104	3	1	14.128	-0.009	p2o5								1						
02104	4	1	18.647	-9.339	k								0.6						
02105	1	2				2.5		3.5	1500	1250									
02105	2	1	8.96	-1.89	om								0.7						
02105	3	1	3.364	-0.003	p2o5								1						
02105	4	1	6.488	-2.877	k								0.3						
02106	1	2				2.5		3.5	1500	1250									
02106	2	1	13.44	-2.83	om								0.7						
02106	3	1	5.046	-0.003	p2o5								1						
02106	4	1	9.731	-4.316	k								0.3						
02107	1	2				2.5		3.5	1500	1250									
02107	2	1	17.92	-3.78	om								0.7						
02107	3	1	6.728	-0.005	p2o5								1						
02107	4	1	12.975	-5.755	k								0.3						
02108	1	2				2.5		3.5	1500	1250									
02108	2	1	22.401	-4.72	om								0.7						
02108	3	1	8.41	-0.006	p2o5								1						
02108	4	1	16.219	-7.193	k								0.3						
02109	1	2				2.5		3.5	1000	500				500					
02109	2	2				1.5		2.5	2.2	1.8		1.6	0.7	1.4					
02109	3	2				200	400	600	1.7	1.4	1.2	1	1	1					
02109	4	2				0.3	0.6	1	2.4	1.9	1.7	1.5	1	1.5					
02110	1	2				2.5		3.5	1500	1000				1000					
02110	2	2				1.5		2.5	4.4	3.6		3.2	0.7	2.5					
02110	3	2				200	400	600	3.4	2.8	2.4	2	1	2.5					
02110	4	2				0.3	0.6	1	4.7	3.8	3.4	3	1	3					
02111	1	2				2.5		3.5	2000	1500				1500					
02111	2	2				1.5		2.5	8.7	7.4		6.9	0.7	4.9					
02111	3	2				200	400	600	5.2	4.2	3.7	3	1	4					
02111	4	2				0.3	0.6	1	7.1	5.8	5.1	3	1	5					
02112	1	2				2.5		3.5	2000	1500				1500					
02112	2	2				1.5		2.5	13	11.3		10.6	0.7	7.7					
02112	3	2				200	400	600	6.9	5.5	4.9	3	1	5.5					
02112	4	2				0.3	0.6	1	9.4	7.7	6.8	3	1	6.5					
02113	1	2				2.5		3.5	2500	2000				2000					
02113	2	2				1.5		2.5	17.5	15.4		14.6	0.7	10.8					
02113	3	2				200	400	600	8.6	6.9	6.1	3	1	6.9					
02113	4	2				0.3	0.6	1	11.8	9.6	8.6	3	1	8.6					
02114	1	4																사용량자체가없어서 C열 4번	
02114	2	3											0.5	2.9					
02114	3	1	3.528	-0.002	p2o5								1						
02114	4	1	4.768	-2.924	k								0.5						
02115	1	4																사용량자체가없어서 C열 4번	
02115	2	3											0.5	4					
02115	3	1	5.292	-0.004	p2o5								1						
02115	4	1	7.152	-4.386	k								0.5						
02116	1	4																사용량자체가없어서 C열 4번	
02116	2	3											0.5	5.2					
02116	3	1	7.056	-0.005	p2o5								1						
02116	4	1	9.536	-5.848	k								0.5						
02117	1	4																사용량자체가없어서 C열 4번	
02117	2	3											0.5	6.4					
02117	3	1	8.821	-0.006	p2o5								1						
02117	4	1	11.92	-7.31	k								0.5						
02118	1	2				2.5		3	1870	1500									
02118	2	1	11.705	-1.87	om								0.5						
02118	3	1	5.437	-0.005	p2o5								1						
02118	4	1	4.411	-2.296	k								0.7						
02119	1	2				2.5		3	1870	1500									
02119	2	1	19.509	-3.12	om								0.5						
02119	3	1	9.061	-0.008	p2o5								1						
02119	4	1	11.027	-5.739	k								0.7						
02120	1	2				2.5		3	2000	1500									
02120	2	1	10.3	-1.664	om								0.6						
02120	3	1	4.3	-0.007	p2o5								1						
02120	4	1	6.6	-3.8644	k								0.5						
02121	1	2				2.5		3	2000	1500									
02121	2	1	8.6	-0.311	om								0.5						
02121	3	1	5.4	-0.0062	p2o5								1						
02121	4	1	9	-1.4135	k								0.5						
02122	1	2				2.5		3	2000	1500									
02122	2	1	9.1	-1.019	om								0.5						
02122	3	1	5.2	-0.0038	p2o5								1						
02122	4	1	8.1	-0.5782	k								0.5						
02123	1	3												1500					
02123	2	3											1	7.4					
02123	3	3											1	7.9					
02123	4	3											1	6.4					
02124	1	3												1500					
02124	2	3											1	3.9					
02124	3	3											1	4.6					
02124	4	3											1	3.4					
02125	1	3												1500					
02125	2	3											1	13.8					
02125	3	3											1	11.5					
02125	4	3											1	11.3					
02126	1	3												1500					
02126	2	3											1	11					
02126	3	3											1	14.3					
02126	4	3											1	6.5					
02127	1	3												2000					
02127	2	3													18				
02127	3	3													14				
02127	4	3													12				
02128	1	2				3		5	1870	1500									
02128	2	1	17.369	-1.31	om								1	12					
02128	3	1	16.585	-5.052	log(p2o5)								1	4					
02128	4	1	2.014	-12.165	log(k)								1	6					
02129	1	2				3		5	1870	1500									
02129	2	1	43.423	-3.27	om								1	30					
02129	3	1	41.462	-12.632	log(p2o5)								1	10					
02129	4	1	5.035	-30.41	log(k)								1	15					
02130	1	2				3		5	1870	1500									
02130	2	1	52.108	-3.92	om								1	36					
02130	3	1	49.754	-15.158	log(p2o5)								1	12					
02130	4	1	6.041	-36.492	log(k)								1	18					
02131	1	2				3		5	2500	2000									
02131	2	1	60.792	-4.57	om								1	42					
02131	3	1	58.047	-17.684	log(p2o5)								1	14					
02131	4	1	7.048	-42.573	log(k)								1	21					
02132	1	2				3		5	2500	2000									
02132	2	1	69.477	-5.22	om								1	48					
02132	3	1	66.339	-20.21	log(p2o5)								1	16					
02132	4	1	8.055	-48.654	log(k)								1	21					
02133	1	2				3		5	2500	2000									
02133	2	1	78.161	-5.88	om								1	54					
02133	3	1	74.632	-22.736	log(p2o5)								1	18					
02133	4	1	9.061	-54.737	log(k)								1	27					
02134	1	2				3		5	3120	2500									
02134	2	1	86.846	-6.53	om								1	60					
02134	3	1	82.924	-25.262	log(p2o5)								1	20					
02134	4	1	10.069	-60.818	log(k)								1	30					
02135	1	2				2		3	2500	2000									
02135	2	1	21.22	-1.84	om								0.5						
02135	3	1	73.545	-29.394	log(p2o5)								1						
02135	4	1	27.291	-34.392	k								1						
02136	1	2				2		3	2500	2000									
02136	2	1	24.951	-2.17	om								0.5						
02136	3	1	109.375	-43.715	log(p2o5)								1						
02136	4	1	32.089	-40.438	k								1						
02137	1	2				2		3	2500	2000									
02137	2	1	17.613	-1.53	om								0.5						
02137	3	1	73.545	-29.394	log(p2o5)								1						
02137	4	1	27.291	-34.392	k								1						
02138	1	2				2		3	2500	2000									
02138	2	1	20.71	-1.8	om								0.5						
02138	3	1	109.375	-43.715	log(p2o5)								1						
02138	4	1	32.089	-40.438	k								1						
02139	1	2				2		3	2000	1500		1000							
02139	2	1	23.209	-5.05	om								0.43	3.8					
02139	3	1	40.758	-13.316	log(p2o5)								1	8					
02139	4	1			10^(1.379-1.544*k)								1	3.7					
02140	1	2				2		3	2000	1500									
02140	2	1	24.645	-5.36	om								0.43	4.7					
02140	3	1	42.006	-13.724	log(p2o5)								1	8.3					
02140	4	1			10^(1.379-1.726*k)								1	4.1					
02141	1	2				2		3	2000	1500									
02141	2	1	24.645	-5.36	om								0.43	4					
02141	3	1	42.006	-13.724	log(p2o5)								1	8.3					
02141	4	1			10^(1.379-1.726*k)								1	4.1					
02142	1	2				2		3	2000	1500									
02142	2	1	23.209	-5.05	om								0.5	3.8					
02142	3	1	40.758	-13.316	log(p2o5)								1	7.3					
02142	4	1			10^(1.379-1.544*k)								1	3.1					
02143	1	2				2		3	2000	1500									
02143	2	1	23.209	-5.05	om								0.42	3.2					
02143	3	1	40.758	-13.316	log(p2o5)								1	7.3					
02143	4	1			10^(1.379-1.544*k)								1	3.1					
02144	1	2				2		3	2000	1500									
02144	2	1	24.645	-5.36	om								0.5	4					
02144	3	1	42.006	-13.724	log(p2o5)								1	7.6					
02144	4	1			10^(1.379-1.726*k)								1	3.2					
02145	1	2				2		3	2000	1500									
02145	2	1	24.645	-5.36	om								0.43	3.4					
02145	3	1	42.006	-13.724	log(p2o5)								1	7.6					
02145	4	1			10^(1.379-1.726*k)								1	3.2					
02146	1	2				2		3	2000	1500									
02146	2	1	15.55	-3.38	om								0.6	4.6					
02146	3	1	36.852	-12.04	log(p2o5)								1	7.2					
02146	4	1			10^(1.195-1.496*k)								1	3.6					
02147	1	2				2		3	2000	1500									
02147	2	1	16.512	-3.59	om								0.6	8					
02147	3	1	37.98	-12.409	log(p2o5)								1	7.5					
02147	4	1			10^(1.336-1.673*k)								1	4					
02148	1	2				2		3	2000	1500									
02148	2	1	15.55	-3.38	om								0.6	3					
02148	3	1	36.852	-12.04	log(p2o5)								1	6.7					
02148	4	1			10^(1.195-1.496*k)								1	3					
02149	1	2				2		3	2000	1500									
02149	2	1	16.512	-3.59	om								0.6	3.2					
02149	3	1	37.98	-12.409	log(p2o5)								1	6.9					
02149	4	1			10^(1.336-1.673*k)								1	3.1					
02150	1	2				2		3	1500	1000									
02150	2	1	8.456	-2.602	om								1						
02150	3	1	20.587	-0.054	p2o5								1						
02150	4	1	15.284	-14.536	k								1						
02151	1	3												2000					
02151	2	2				2		6	15.3	14		12.7	0.5	14					
02151	3	1	29.645	-0.078	p2o5								1						
02151	4	1	15.599	-14.828	k								1						
02152	1	2				2		3	2500	2000									
02152	2	1	16	-2.64	EC								0.46						
02152	3	1	25.26	-0.026	p2o5								1						
02152	4	1	29.34	-53.28	k/sqrt(ca+mg)								0.65						
02152	5	1	16	-0.053	NO3N								0.46						
02153	1	2				2.5		3.5	2500	2000									
02153	2	2				2.5		3.5	28.8	24		19.2	0.35						
02153	3	1	41.163	-0.067	p2o5								1						
02153	4	1	35.18	-61.889	k/sqrt(ca+mg)								0.37						
02154	1	3												2500					
02154	2	3											0.5	11.5	23				
02154	3	3											1	20					
02154	4	3											0.3	5.7	19				
02155	1	3												2500					
02155	2	3											0.5	10.5	21				
02155	3	3											1	18					
02155	4	3											0.3	5.1	17				
02156	1																		
02156	2																		
02156	3																		
02156	4																		
02157	1	3												2000					
02157	2	3													0				
02157	3	3													15				
02157	4	3													18				
02158	1	3												2000					
02158	2	3											0.5	10					
02158	3	3											1	15					
02158	4	3											1	15					
02159	1	3												2000					
02159	2	3											0.5	6					
02159	3	3											1	10					
02159	4	3											1	10					
02160	1	3												2000					
02160	2	3											0.5	6					
02160	3	3											1	10					
02160	4	3											1	10					
02161	1	3												2000					
02161	2	3											0.5	7					
02161	3	3											1	10					
02161	4	3											1	10					
02162	1	3												2000					
02162	2	3											0.5	4					
02162	3	3											1	12					
02162	4	3											1	12					
02163	1	3												2000					
02163	2	3											0.7	14					
02163	3	3											1	5.1					
02163	4	3											1	5.7					
02164	1	3												2000					
02164	2	3											0.2	4					
02164	3	3											1	12					
02164	4	3											1	12					
02165	1	3												2000					
02165	2	3											0.5	4.9					
02165	3	3											0.5	5.1					
02165	4	3											0.5	2.9					
02166	1	3												2000					
02166	2	3											0.5	6					
02166	3	3											0.5	5.9					
02166	4	3											0.5	5.1					
02167	1	4																	
02167	2	3											1	13					
02167	3	3											1	8.1					
02167	4	3											1	12.2					
02168	1	4																	
02168	2	3											1	18					
02168	3	3											1	11.2					
02168	4	3											1	16.9					
02169	1	2												1500					
02169	2	3											1	9					
02169	3	3											1	8					
02169	4	3											1	7					
